571.597339
140.649800
62.000000
67
596.528214
273.250160
216.000000
17
484.108371
280.169164
161.000000
71
552.258309
425.288888
120.000000
4
596.528214
273.250160
216.000000
17
484.108371
280.169164
161.000000
71
415.388531
391.152074
134.000000
22
552.258309
425.288888
120.000000
4
484.108371
280.169164
161.000000
71
348.161657
488.900906
208.000000
16
415.388531
391.152074
134.000000
22
552.258309
425.288888
120.000000
4
441.934294
614.279214
11.000000
10
348.161657
488.900906
208.000000
16
552.258309
425.288888
120.000000
4
605.967895
516.644551
166.000000
37
441.934294
614.279214
11.000000
10
552.258309
425.288888
120.000000
4
572.604633
648.163579
113.000000
57
605.967895
516.644551
166.000000
37
441.934294
614.279214
11.000000
10
548.425947
919.508042
47.000000
34
572.604633
648.163579
113.000000
57
441.934294
614.279214
11.000000
10
337.876766
625.603107
186.000000
40
548.425947
919.508042
47.000000
34
441.934294
614.279214
11.000000
10
221.977111
920.859340
27.000000
19
337.876766
625.603107
186.000000
40
548.425947
919.508042
47.000000
34
554.753044
970.820978
249.000000
45
221.977111
920.859340
27.000000
19
548.425947
919.508042
47.000000
34
199.631367
995.350719
57.000000
56
554.753044
970.820978
249.000000
45
221.977111
920.859340
27.000000
19
614.291177
987.274300
90.000000
60
199.631367
995.350719
57.000000
56
554.753044
970.820978
249.000000
45
886.041505
986.077395
115.000000
51
614.291177
987.274300
90.000000
60
199.631367
995.350719
57.000000
56
469.502304
112.308237
201.000000
62
571.597339
140.649800
62.000000
67
484.108371
280.169164
161.000000
71
666.769768
1.940489
103.000000
18
469.502304
112.308237
201.000000
62
571.597339
140.649800
62.000000
67
354.031495
27.208380
226.000000
25
666.769768
1.940489
103.000000
18
469.502304
112.308237
201.000000
62
80.253609
9.640339
185.000000
63
354.031495
27.208380
226.000000
25
666.769768
1.940489
103.000000
18
337.876766
625.603107
186.000000
40
441.934294
614.279214
11.000000
10
348.161657
488.900906
208.000000
16
293.656362
547.235298
33.000000
78
337.876766
625.603107
186.000000
40
348.161657
488.900906
208.000000
16
277.688101
540.778100
132.000000
41
293.656362
547.235298
33.000000
78
348.161657
488.900906
208.000000
16
312.682791
442.320505
105.000000
76
277.688101
540.778100
132.000000
41
348.161657
488.900906
208.000000
16
234.756249
495.059328
2.000000
26
312.682791
442.320505
105.000000
76
277.688101
540.778100
132.000000
41
281.973815
597.462874
129.000000
21
234.756249
495.059328
2.000000
26
277.688101
540.778100
132.000000
41
254.339091
646.668050
1.000000
47
281.973815
597.462874
129.000000
21
234.756249
495.059328
2.000000
26
120.888760
497.564104
3.000000
32
254.339091
646.668050
1.000000
47
234.756249
495.059328
2.000000
26
43.607227
561.785302
201.000000
8
120.888760
497.564104
3.000000
32
254.339091
646.668050
1.000000
47
20.079775
477.308542
96.000000
52
43.607227
561.785302
201.000000
8
120.888760
497.564104
3.000000
32
75.828608
832.606006
162.000000
42
20.079775
477.308542
96.000000
52
43.607227
561.785302
201.000000
8
188.936918
438.090854
146.000000
35
234.756249
495.059328
2.000000
26
312.682791
442.320505
105.000000
76
168.256661
354.367534
214.000000
61
188.936918
438.090854
146.000000
35
312.682791
442.320505
105.000000
76
382.687521
348.993255
209.000000
29
168.256661
354.367534
214.000000
61
312.682791
442.320505
105.000000
76
175.142552
240.672964
181.000000
69
382.687521
348.993255
209.000000
29
168.256661
354.367534
214.000000
61
408.211646
307.268166
197.000000
12
175.142552
240.672964
181.000000
69
382.687521
348.993255
209.000000
29
402.767052
147.080020
245.000000
46
408.211646
307.268166
197.000000
12
175.142552
240.672964
181.000000
69
354.031495
27.208380
226.000000
25
402.767052
147.080020
245.000000
46
175.142552
240.672964
181.000000
69
96.618122
66.123936
32.000000
77
354.031495
27.208380
226.000000
25
175.142552
240.672964
181.000000
69
80.253609
9.640339
185.000000
63
96.618122
66.123936
32.000000
77
354.031495
27.208380
226.000000
25
114.116581
279.705374
162.000000
72
175.142552
240.672964
181.000000
69
168.256661
354.367534
214.000000
61
85.864406
279.655477
251.000000
48
114.116581
279.705374
162.000000
72
175.142552
240.672964
181.000000
69
43.522782
86.937407
52.000000
23
85.864406
279.655477
251.000000
48
175.142552
240.672964
181.000000
69
66.526902
299.790490
149.000000
55
43.522782
86.937407
52.000000
23
85.864406
279.655477
251.000000
48
20.079775
477.308542
96.000000
52
66.526902
299.790490
149.000000
55
43.522782
86.937407
52.000000
23
96.618122
66.123936
32.000000
77
43.522782
86.937407
52.000000
23
175.142552
240.672964
181.000000
69
43.522782
86.937407
52.000000
23
80.253609
9.640339
185.000000
63
96.618122
66.123936
32.000000
77
138.461043
347.967254
62.000000
38
114.116581
279.705374
162.000000
72
168.256661
354.367534
214.000000
61
66.526902
299.790490
149.000000
55
138.461043
347.967254
62.000000
38
114.116581
279.705374
162.000000
72
61.869808
378.513627
153.000000
58
66.526902
299.790490
149.000000
55
138.461043
347.967254
62.000000
38
188.936918
438.090854
146.000000
35
61.869808
378.513627
153.000000
58
138.461043
347.967254
62.000000
38
120.888760
497.564104
3.000000
32
188.936918
438.090854
146.000000
35
61.869808
378.513627
153.000000
58
234.756249
495.059328
2.000000
26
120.888760
497.564104
3.000000
32
188.936918
438.090854
146.000000
35
20.079775
477.308542
96.000000
52
120.888760
497.564104
3.000000
32
61.869808
378.513627
153.000000
58
66.526902
299.790490
149.000000
55
20.079775
477.308542
96.000000
52
61.869808
378.513627
153.000000
58
85.864406
279.655477
251.000000
48
66.526902
299.790490
149.000000
55
114.116581
279.705374
162.000000
72
168.256661
354.367534
214.000000
61
188.936918
438.090854
146.000000
35
138.461043
347.967254
62.000000
38
484.108371
280.169164
161.000000
71
402.767052
147.080020
245.000000
46
408.211646
307.268166
197.000000
12
469.502304
112.308237
201.000000
62
484.108371
280.169164
161.000000
71
402.767052
147.080020
245.000000
46
403.504288
109.096408
50.000000
9
469.502304
112.308237
201.000000
62
402.767052
147.080020
245.000000
46
354.031495
27.208380
226.000000
25
403.504288
109.096408
50.000000
9
469.502304
112.308237
201.000000
62
402.767052
147.080020
245.000000
46
354.031495
27.208380
226.000000
25
403.504288
109.096408
50.000000
9
415.388531
391.152074
134.000000
22
408.211646
307.268166
197.000000
12
382.687521
348.993255
209.000000
29
312.682791
442.320505
105.000000
76
415.388531
391.152074
134.000000
22
382.687521
348.993255
209.000000
29
348.161657
488.900906
208.000000
16
312.682791
442.320505
105.000000
76
415.388531
391.152074
134.000000
22
484.108371
280.169164
161.000000
71
415.388531
391.152074
134.000000
22
408.211646
307.268166
197.000000
12
70.166753
704.440016
94.000000
65
43.607227
561.785302
201.000000
8
254.339091
646.668050
1.000000
47
193.761528
759.772240
178.000000
27
70.166753
704.440016
94.000000
65
254.339091
646.668050
1.000000
47
337.876766
625.603107
186.000000
40
193.761528
759.772240
178.000000
27
254.339091
646.668050
1.000000
47
221.977111
920.859340
27.000000
19
337.876766
625.603107
186.000000
40
193.761528
759.772240
178.000000
27
106.013947
799.967437
131.000000
15
221.977111
920.859340
27.000000
19
193.761528
759.772240
178.000000
27
70.166753
704.440016
94.000000
65
106.013947
799.967437
131.000000
15
193.761528
759.772240
178.000000
27
75.828608
832.606006
162.000000
42
70.166753
704.440016
94.000000
65
106.013947
799.967437
131.000000
15
43.607227
561.785302
201.000000
8
75.828608
832.606006
162.000000
42
70.166753
704.440016
94.000000
65
75.828608
832.606006
162.000000
42
106.013947
799.967437
131.000000
15
221.977111
920.859340
27.000000
19
171.406568
970.494858
28.000000
50
75.828608
832.606006
162.000000
42
221.977111
920.859340
27.000000
19
199.631367
995.350719
57.000000
56
171.406568
970.494858
28.000000
50
221.977111
920.859340
27.000000
19
293.656362
547.235298
33.000000
78
281.973815
597.462874
129.000000
21
277.688101
540.778100
132.000000
41
287.265175
602.917631
0.000000
54
293.656362
547.235298
33.000000
78
281.973815
597.462874
129.000000
21
337.876766
625.603107
186.000000
40
287.265175
602.917631
0.000000
54
293.656362
547.235298
33.000000
78
254.339091
646.668050
1.000000
47
337.876766
625.603107
186.000000
40
287.265175
602.917631
0.000000
54
281.973815
597.462874
129.000000
21
254.339091
646.668050
1.000000
47
287.265175
602.917631
0.000000
54
753.157659
408.052278
29.000000
36
605.967895
516.644551
166.000000
37
552.258309
425.288888
120.000000
4
706.359691
551.881893
71.000000
75
753.157659
408.052278
29.000000
36
605.967895
516.644551
166.000000
37
862.088900
440.140904
103.000000
1
706.359691
551.881893
71.000000
75
753.157659
408.052278
29.000000
36
982.024415
709.791772
181.000000
6
862.088900
440.140904
103.000000
1
706.359691
551.881893
71.000000
75
879.936522
289.541551
250.000000
49
982.024415
709.791772
181.000000
6
862.088900
440.140904
103.000000
1
938.478103
91.190649
186.000000
39
879.936522
289.541551
250.000000
49
982.024415
709.791772
181.000000
6
942.454390
52.300180
207.000000
44
938.478103
91.190649
186.000000
39
982.024415
709.791772
181.000000
6
758.053682
372.217109
22.000000
14
753.157659
408.052278
29.000000
36
552.258309
425.288888
120.000000
4
596.528214
273.250160
216.000000
17
758.053682
372.217109
22.000000
14
552.258309
425.288888
120.000000
4
682.109836
181.765557
157.000000
59
596.528214
273.250160
216.000000
17
758.053682
372.217109
22.000000
14
797.577776
215.880612
125.000000
20
682.109836
181.765557
157.000000
59
758.053682
372.217109
22.000000
14
762.233711
170.770165
196.000000
31
797.577776
215.880612
125.000000
20
682.109836
181.765557
157.000000
59
699.360149
111.275735
196.000000
2
762.233711
170.770165
196.000000
31
682.109836
181.765557
157.000000
59
745.855770
10.665365
169.000000
33
699.360149
111.275735
196.000000
2
762.233711
170.770165
196.000000
31
812.034394
179.525315
18.000000
5
745.855770
10.665365
169.000000
33
762.233711
170.770165
196.000000
31
901.070772
89.573504
133.000000
66
812.034394
179.525315
18.000000
5
745.855770
10.665365
169.000000
33
909.252968
54.504501
93.000000
7
901.070772
89.573504
133.000000
66
745.855770
10.665365
169.000000
33
942.454390
52.300180
207.000000
44
909.252968
54.504501
93.000000
7
745.855770
10.665365
169.000000
33
571.597339
140.649800
62.000000
67
682.109836
181.765557
157.000000
59
596.528214
273.250160
216.000000
17
699.360149
111.275735
196.000000
2
571.597339
140.649800
62.000000
67
682.109836
181.765557
157.000000
59
666.769768
1.940489
103.000000
18
699.360149
111.275735
196.000000
2
571.597339
140.649800
62.000000
67
745.855770
10.665365
169.000000
33
666.769768
1.940489
103.000000
18
699.360149
111.275735
196.000000
2
830.879604
253.533006
230.000000
74
797.577776
215.880612
125.000000
20
758.053682
372.217109
22.000000
14
812.034394
179.525315
18.000000
5
830.879604
253.533006
230.000000
74
797.577776
215.880612
125.000000
20
879.936522
289.541551
250.000000
49
812.034394
179.525315
18.000000
5
830.879604
253.533006
230.000000
74
901.070772
89.573504
133.000000
66
879.936522
289.541551
250.000000
49
812.034394
179.525315
18.000000
5
938.478103
91.190649
186.000000
39
901.070772
89.573504
133.000000
66
879.936522
289.541551
250.000000
49
762.233711
170.770165
196.000000
31
812.034394
179.525315
18.000000
5
797.577776
215.880612
125.000000
20
938.478103
91.190649
186.000000
39
909.252968
54.504501
93.000000
7
901.070772
89.573504
133.000000
66
942.454390
52.300180
207.000000
44
938.478103
91.190649
186.000000
39
909.252968
54.504501
93.000000
7
879.936522
289.541551
250.000000
49
830.879604
253.533006
230.000000
74
758.053682
372.217109
22.000000
14
862.088900
440.140904
103.000000
1
879.936522
289.541551
250.000000
49
758.053682
372.217109
22.000000
14
753.157659
408.052278
29.000000
36
862.088900
440.140904
103.000000
1
758.053682
372.217109
22.000000
14
846.105350
779.839900
72.000000
70
982.024415
709.791772
181.000000
6
706.359691
551.881893
71.000000
75
690.918668
724.409040
37.000000
28
846.105350
779.839900
72.000000
70
706.359691
551.881893
71.000000
75
685.005432
764.135807
63.000000
30
690.918668
724.409040
37.000000
28
846.105350
779.839900
72.000000
70
680.442976
839.129368
118.000000
73
685.005432
764.135807
63.000000
30
846.105350
779.839900
72.000000
70
850.886959
800.458266
197.000000
3
680.442976
839.129368
118.000000
73
846.105350
779.839900
72.000000
70
679.050233
859.233619
117.000000
11
850.886959
800.458266
197.000000
3
680.442976
839.129368
118.000000
73
886.041505
986.077395
115.000000
51
679.050233
859.233619
117.000000
11
850.886959
800.458266
197.000000
3
675.881314
971.546861
228.000000
64
886.041505
986.077395
115.000000
51
679.050233
859.233619
117.000000
11
614.291177
987.274300
90.000000
60
675.881314
971.546861
228.000000
64
886.041505
986.077395
115.000000
51
624.932188
685.572588
36.000000
79
685.005432
764.135807
63.000000
30
690.918668
724.409040
37.000000
28
578.351146
909.990326
30.000000
43
624.932188
685.572588
36.000000
79
685.005432
764.135807
63.000000
30
548.425947
919.508042
47.000000
34
578.351146
909.990326
30.000000
43
624.932188
685.572588
36.000000
79
572.604633
648.163579
113.000000
57
548.425947
919.508042
47.000000
34
624.932188
685.572588
36.000000
79
631.169408
656.762535
52.000000
24
624.932188
685.572588
36.000000
79
690.918668
724.409040
37.000000
28
662.207190
573.810358
226.000000
68
631.169408
656.762535
52.000000
24
690.918668
724.409040
37.000000
28
572.604633
648.163579
113.000000
57
662.207190
573.810358
226.000000
68
631.169408
656.762535
52.000000
24
605.967895
516.644551
166.000000
37
572.604633
648.163579
113.000000
57
662.207190
573.810358
226.000000
68
706.359691
551.881893
71.000000
75
605.967895
516.644551
166.000000
37
662.207190
573.810358
226.000000
68
624.932188
685.572588
36.000000
79
572.604633
648.163579
113.000000
57
631.169408
656.762535
52.000000
24
706.359691
551.881893
71.000000
75
662.207190
573.810358
226.000000
68
690.918668
724.409040
37.000000
28
680.442976
839.129368
118.000000
73
578.351146
909.990326
30.000000
43
685.005432
764.135807
63.000000
30
679.050233
859.233619
117.000000
11
680.442976
839.129368
118.000000
73
578.351146
909.990326
30.000000
43
631.139439
967.451979
77.000000
53
679.050233
859.233619
117.000000
11
578.351146
909.990326
30.000000
43
588.171667
943.799707
21.000000
13
631.139439
967.451979
77.000000
53
578.351146
909.990326
30.000000
43
614.291177
987.274300
90.000000
60
588.171667
943.799707
21.000000
13
631.139439
967.451979
77.000000
53
675.881314
971.546861
228.000000
64
614.291177
987.274300
90.000000
60
631.139439
967.451979
77.000000
53
554.753044
970.820978
249.000000
45
614.291177
987.274300
90.000000
60
588.171667
943.799707
21.000000
13
548.425947
919.508042
47.000000
34
554.753044
970.820978
249.000000
45
588.171667
943.799707
21.000000
13
578.351146
909.990326
30.000000
43
548.425947
919.508042
47.000000
34
588.171667
943.799707
21.000000
13
675.881314
971.546861
228.000000
64
631.139439
967.451979
77.000000
53
679.050233
859.233619
117.000000
11
961.671651
796.950285
83.000000
0
886.041505
986.077395
115.000000
51
850.886959
800.458266
197.000000
3
846.105350
779.839900
72.000000
70
961.671651
796.950285
83.000000
0
850.886959
800.458266
197.000000
3
982.024415
709.791772
181.000000
6
846.105350
779.839900
72.000000
70
961.671651
796.950285
83.000000
0
