500.001
169.564
514.675
147.402
512.105
145.505
512.105
145.505
500.001
169.564
512.105
145.505
512.105
145.505
456.991
148.665
512.105
145.505
512.105
145.505
473.124
84.5772
512.105
145.505
473.124
84.5772
506.493
88.0815
473.124
84.5772
506.493
88.0815
463.165
53.2091
506.493
88.0815
463.165
53.2091
503.401
32.5192
463.165
53.2091
503.401
32.5192
466.169
44.6241
503.401
32.5192
503.401
32.5192
423.409
2.29875
503.401
32.5192
423.409
2.29875
550.656
16.7627
423.409
2.29875
423.409
2.29875
627.857
5.10932
423.409
2.29875
627.857
5.10932
412.14
0.423292
627.857
5.10932
500.001
169.564
514.675
147.402
500.001
169.564
500.001
169.564
556.747
170.994
500.001
169.564
500.001
169.564
511.605
202.699
500.001
169.564
511.605
202.699
470.893
183.548
511.605
202.699
470.893
183.548
503.192
221.728
470.893
183.548
503.192
221.728
465.11
239.425
503.192
221.728
465.11
239.425
503.785
232.518
465.11
239.425
465.11
239.425
513.869
259.468
465.11
239.425
465.11
239.425
502.145
277.347
465.11
239.425
502.145
277.347
461.397
290.878
502.145
277.347
502.145
277.347
487.458
326.642
502.145
277.347
487.458
326.642
540.256
297.402
487.458
326.642
487.458
326.642
505.964
337.609
487.458
326.642
505.964
337.609
471.771
344.597
505.964
337.609
471.771
344.597
507.256
360.41
471.771
344.597
507.256
360.41
470.474
384.366
507.256
360.41
507.256
360.41
472.453
402.643
507.256
360.41
472.453
402.643
541.844
416.201
472.453
402.643
541.844
416.201
492.407
433.795
541.844
416.201
492.407
433.795
505.594
440.714
492.407
433.795
505.594
440.714
485.57
464.658
505.594
440.714
485.57
464.658
503.272
472.539
485.57
464.658
503.272
472.539
491.744
482.365
503.272
472.539
491.744
482.365
504.043
483.49
491.744
482.365
504.043
483.49
493.382
515.304
504.043
483.49
493.382
515.304
514.341
523.63
493.382
515.304
514.341
523.63
464.404
557.384
514.341
523.63
514.341
523.63
487.241
577.521
514.341
523.63
487.241
577.521
529.056
540.961
487.241
577.521
487.241
577.521
542.998
567.682
487.241
577.521
487.241
577.521
537.3
598.351
487.241
577.521
537.3
598.351
483.843
595.627
537.3
598.351
537.3
598.351
496.825
646.408
537.3
598.351
496.825
646.408
558.132
646.847
496.825
646.408
496.825
646.408
505.476
702.656
496.825
646.408
505.476
702.656
487.86
670.337
505.476
702.656
505.476
702.656
486.595
677.272
505.476
702.656
505.476
702.656
464.35
705.896
505.476
702.656
464.35
705.896
503.016
729.328
464.35
705.896
503.016
729.328
467.211
728.116
503.016
729.328
503.016
729.328
495.532
741.716
503.016
729.328
495.532
741.716
536.787
763.215
495.532
741.716
495.532
741.716
514.445
785.151
495.532
741.716
514.445
785.151
452.358
754.21
514.445
785.151
514.445
785.151
430.704
794.573
514.445
785.151
430.704
794.573
514.202
799.11
430.704
794.573
514.202
799.11
447.998
846.055
514.202
799.11
447.998
846.055
519.924
809.601
447.998
846.055
447.998
846.055
503.893
861.359
447.998
846.055
503.893
861.359
437.509
866.382
503.893
861.359
503.893
861.359
483.688
911.09
503.893
861.359
483.688
911.09
538.166
869.663
483.688
911.09
538.166
869.663
493.908
927.807
538.166
869.663
493.908
927.807
555.234
917.627
493.908
927.807
493.908
927.807
510.707
946.136
493.908
927.807
493.908
927.807
511.032
954.664
493.908
927.807
511.032
954.664
474.455
972.862
511.032
954.664
474.455
972.862
515.688
964.29
474.455
972.862
515.688
964.29
491.711
995.514
515.688
964.29
491.711
995.514
529.569
981.533
491.711
995.514
491.711
995.514
554.857
988.764
491.711
995.514
491.711
995.514
634.916
999.23
491.711
995.514
491.744
482.365
493.382
515.304
491.744
482.365
491.744
482.365
463.465
508.608
491.744
482.365
463.465
508.608
472.757
479.185
463.465
508.608
463.465
508.608
417.303
463.949
463.465
508.608
417.303
463.949
406.064
510.361
417.303
463.949
406.064
510.361
410.388
461.181
406.064
510.361
406.064
510.361
373.532
480.663
406.064
510.361
373.532
480.663
343.098
523.625
373.532
480.663
343.098
523.625
335.954
460.943
343.098
523.625
504.043
483.49
514.341
523.63
504.043
483.49
343.098
523.625
313.145
474.63
343.098
523.625
343.098
523.625
307.284
481.171
343.098
523.625
514.341
523.63
512.81
482.389
514.341
523.63
307.284
481.171
323.517
537.99
307.284
481.171
323.517
537.99
278.795
490
323.517
537.99
514.341
523.63
525.102
483.412
514.341
523.63
278.795
490
262.535
519.57
278.795
490
514.341
523.63
552.504
492.262
514.341
523.63
262.535
519.57
245.174
473.323
262.535
519.57
245.174
473.323
237.666
530.717
245.174
473.323
552.504
492.262
529.056
540.961
552.504
492.262
237.666
530.717
198.818
496.826
237.666
530.717
198.818
496.826
197.425
505.122
198.818
496.826
552.504
492.262
572.169
514.496
552.504
492.262
197.425
505.122
171.174
489.072
197.425
505.122
572.169
514.496
599.166
474.725
572.169
514.496
171.174
489.072
185.828
516.081
171.174
489.072
171.174
489.072
162.698
506.067
171.174
489.072
171.174
489.072
160.465
505.492
171.174
489.072
599.166
474.725
616.337
524.783
599.166
474.725
160.465
505.492
145.088
481.614
160.465
505.492
599.166
474.725
633.535
509.696
599.166
474.725
145.088
481.614
99.8915
527.233
145.088
481.614
633.535
509.696
636.917
458.642
633.535
509.696
99.8915
527.233
104.027
484.637
99.8915
527.233
99.8915
527.233
90.6116
497.808
99.8915
527.233
636.917
458.642
684.081
499.846
636.917
458.642
90.6116
497.808
64.9379
518.477
90.6116
497.808
684.081
499.846
681.342
465.044
684.081
499.846
90.6116
497.808
54.6224
517.259
90.6116
497.808
54.6224
517.259
73.2296
461.988
54.6224
517.259
681.342
465.044
724.847
511.087
681.342
465.044
54.6224
517.259
7.57857
477.536
54.6224
517.259
7.57857
477.536
40.8306
531.369
7.57857
477.536
724.847
511.087
754.842
481.243
724.847
511.087
7.57857
477.536
8.78335
541.305
7.57857
477.536
7.57857
477.536
0.237068
542.886
7.57857
477.536
0.237068
542.886
6.73107
262.152
0.237068
542.886
724.847
511.087
761.4
493.506
724.847
511.087
761.4
493.506
741.611
529.392
761.4
493.506
761.4
493.506
785.329
522.024
761.4
493.506
785.329
522.024
786.855
498.125
785.329
522.024
786.855
498.125
792.937
504.824
786.855
498.125
792.937
504.824
790.647
476.857
792.937
504.824
792.937
504.824
828.37
459.006
792.937
504.824
828.37
459.006
793.168
505.207
828.37
459.006
793.168
505.207
847.123
469.957
793.168
505.207
847.123
469.957
818.679
546.288
847.123
469.957
847.123
469.957
844.572
554.389
847.123
469.957
844.572
554.389
906.689
485.472
844.572
554.389
844.572
554.389
911.301
492.519
844.572
554.389
911.301
492.519
907.864
554.884
911.301
492.519
911.301
492.519
922.764
512.023
911.301
492.519
922.764
512.023
935.439
481.115
922.764
512.023
935.439
481.115
967.619
515.632
935.439
481.115
967.619
515.632
972.109
457.907
967.619
515.632
967.619
515.632
991.117
461.828
967.619
515.632
991.117
461.828
979.033
569.881
991.117
461.828
991.117
461.828
990.651
588.2
991.117
461.828
990.651
588.2
999.253
418.144
990.651
588.2
999.253
418.144
994.589
633.821
999.253
418.144
278.795
490
245.174
473.323
278.795
490
245.174
473.323
272.116
434.011
245.174
473.323
272.116
434.011
236.812
459.799
272.116
434.011
272.116
434.011
237.29
443.219
272.116
434.011
237.29
443.219
262.088
420.051
237.29
443.219
262.088
420.051
241.32
421.318
262.088
420.051
241.32
421.318
265.407
370.873
241.32
421.318
241.32
421.318
259.992
366.246
241.32
421.318
681.342
465.044
754.842
481.243
681.342
465.044
754.842
481.243
736.882
438.404
754.842
481.243
736.882
438.404
773.021
480.667
736.882
438.404
736.882
438.404
791.446
469.913
736.882
438.404
736.882
438.404
771.154
411.62
736.882
438.404
736.882
438.404
754.631
398.024
736.882
438.404
754.631
398.024
727.983
426.238
754.631
398.024
754.631
398.024
744.659
388.137
754.631
398.024
744.659
388.137
759.022
393.073
744.659
388.137
744.659
388.137
760.795
357.197
744.659
388.137
760.795
357.197
744.252
362.124
760.795
357.197
760.795
357.197
725.202
301.254
760.795
357.197
725.202
301.254
773.156
306.785
725.202
301.254
725.202
301.254
768.901
233.218
725.202
301.254
768.901
233.218
720.813
244.497
768.901
233.218
720.813
244.497
758.456
221.272
720.813
244.497
720.813
244.497
751.89
208.92
720.813
244.497
751.89
208.92
722.815
195.423
751.89
208.92
722.815
195.423
759.673
192.344
722.815
195.423
722.815
195.423
759.739
189.294
722.815
195.423
722.815
195.423
757.948
170.059
722.815
195.423
722.815
195.423
758.292
164.922
722.815
195.423
758.292
164.922
699.556
153.013
758.292
164.922
758.292
164.922
749.429
137.338
758.292
164.922
749.429
137.338
810.829
128.783
749.429
137.338
749.429
137.338
773.236
97.2608
749.429
137.338
773.236
97.2608
748.378
103.435
773.236
97.2608
773.236
97.2608
734.881
75.0698
773.236
97.2608
734.881
75.0698
768.437
52.2432
734.881
75.0698
768.437
52.2432
733.664
59.7172
768.437
52.2432
768.437
52.2432
712.056
37.5712
768.437
52.2432
712.056
37.5712
775.576
0.448408
712.056
37.5712
775.576
0.448408
697.829
20.5544
775.576
0.448408
725.202
301.254
720.813
244.497
725.202
301.254
720.813
244.497
710.442
271.586
720.813
244.497
710.442
271.586
707.272
234.863
710.442
271.586
710.442
271.586
670.221
241.107
710.442
271.586
670.221
241.107
666.961
275.035
670.221
241.107
670.221
241.107
641.598
258.58
670.221
241.107
641.598
258.58
641.87
231.149
641.598
258.58
641.598
258.58
617.859
233.255
641.598
258.58
617.859
233.255
584.791
252.662
617.859
233.255
584.791
252.662
579.94
224.326
584.791
252.662
579.94
224.326
572.301
249.727
579.94
224.326
572.301
249.727
540.863
245.487
572.301
249.727
540.863
245.487
546.582
260.42
540.863
245.487
540.863
245.487
513.869
259.468
540.863
245.487
262.535
519.57
237.666
530.717
262.535
519.57
641.87
231.149
617.859
233.255
641.87
231.149
259.992
366.246
213.797
406.629
259.992
366.246
617.859
233.255
629.463
224.215
617.859
233.255
629.463
224.215
615.824
195.198
629.463
224.215
237.666
530.717
248.551
539.244
237.666
530.717
615.824
195.198
651.047
219.818
615.824
195.198
615.824
195.198
656.215
171.854
615.824
195.198
656.215
171.854
611.201
167.68
656.215
171.854
259.992
366.246
208.183
395.992
259.992
366.246
248.551
539.244
217.451
565.664
248.551
539.244
611.201
167.68
647.03
149.465
611.201
167.68
647.03
149.465
592.928
135.642
647.03
149.465
647.03
149.465
594.071
130.907
647.03
149.465
248.551
539.244
247.009
584.349
248.551
539.244
259.992
366.246
175.582
354.013
259.992
366.246
647.03
149.465
623.744
84.1083
647.03
149.465
623.744
84.1083
664.662
104.811
623.744
84.1083
623.744
84.1083
655.48
81.649
623.744
84.1083
175.582
354.013
257.548
333.369
175.582
354.013
623.744
84.1083
631.16
61.7513
623.744
84.1083
247.009
584.349
261.094
578.826
247.009
584.349
631.16
61.7513
575.725
90.679
631.16
61.7513
631.16
61.7513
561.314
56.1176
631.16
61.7513
631.16
61.7513
595.483
16.1595
631.16
61.7513
595.483
16.1595
627.857
5.10932
595.483
16.1595
594.071
130.907
623.744
84.1083
594.071
130.907
247.009
584.349
264.911
623.703
247.009
584.349
594.071
130.907
575.725
90.679
594.071
130.907
594.071
130.907
573.191
97.1779
594.071
130.907
594.071
130.907
569.969
120.575
594.071
130.907
569.969
120.575
592.928
135.642
569.969
120.575
569.969
120.575
581.273
144.779
569.969
120.575
569.969
120.575
558.337
143.809
569.969
120.575
558.337
143.809
551.536
110.304
558.337
143.809
551.536
110.304
514.675
147.402
551.536
110.304
257.548
333.369
168.126
315.72
257.548
333.369
551.536
110.304
512.105
145.505
551.536
110.304
264.911
623.703
231.402
619.96
264.911
623.703
569.969
120.575
551.536
110.304
569.969
120.575
551.536
110.304
573.191
97.1779
551.536
110.304
573.191
97.1779
542.99
63.8199
573.191
97.1779
542.99
63.8199
575.725
90.679
542.99
63.8199
595.483
16.1595
550.656
16.7627
595.483
16.1595
257.548
333.369
198.653
280.966
257.548
333.369
542.99
63.8199
561.314
56.1176
542.99
63.8199
542.99
63.8199
550.656
16.7627
542.99
63.8199
542.99
63.8199
503.401
32.5192
542.99
63.8199
542.99
63.8199
506.493
88.0815
542.99
63.8199
264.911
623.703
241.973
641.381
264.911
623.703
198.653
280.966
259.179
313.784
198.653
280.966
581.273
144.779
558.337
143.809
581.273
144.779
581.273
144.779
556.747
170.994
581.273
144.779
556.747
170.994
578.676
187.965
556.747
170.994
556.747
170.994
570.014
211.158
556.747
170.994
570.014
211.158
530.741
209.032
570.014
211.158
570.014
211.158
540.863
245.487
570.014
211.158
198.653
280.966
253.495
293.359
198.653
280.966
241.973
641.381
289.917
647.653
241.973
641.381
556.747
170.994
530.741
209.032
556.747
170.994
558.337
143.809
514.675
147.402
558.337
143.809
530.741
209.032
511.605
202.699
530.741
209.032
530.741
209.032
503.192
221.728
530.741
209.032
530.741
209.032
503.785
232.518
530.741
209.032
253.495
293.359
203.821
277.108
253.495
293.359
581.273
144.779
578.676
187.965
581.273
144.779
578.676
187.965
611.201
167.68
578.676
187.965
581.273
144.779
611.201
167.68
581.273
144.779
578.676
187.965
615.824
195.198
578.676
187.965
615.824
195.198
585.257
216.17
615.824
195.198
585.257
216.17
617.859
233.255
585.257
216.17
253.495
293.359
207.906
259.149
253.495
293.359
578.676
187.965
585.257
216.17
578.676
187.965
241.973
641.381
249.143
667.918
241.973
641.381
585.257
216.17
570.014
211.158
585.257
216.17
207.906
259.149
271.857
268.807
207.906
259.149
647.03
149.465
664.662
104.811
647.03
149.465
249.143
667.918
223.31
637.484
249.143
667.918
664.662
104.811
664.956
141.926
664.662
104.811
207.906
259.149
262.654
233.411
207.906
259.149
664.956
141.926
669.69
108.652
664.956
141.926
249.143
667.918
202.927
658.43
249.143
667.918
262.654
233.411
214.964
223.732
262.654
233.411
664.956
141.926
689.732
113.553
664.956
141.926
689.732
113.553
699.556
153.013
689.732
113.553
689.732
113.553
712.449
131.008
689.732
113.553
712.449
131.008
703.613
102.839
712.449
131.008
712.449
131.008
734.747
114.497
712.449
131.008
734.747
114.497
749.429
137.338
734.747
114.497
669.69
108.652
689.732
113.553
669.69
108.652
669.69
108.652
703.613
102.839
669.69
108.652
703.613
102.839
668.355
68.2299
703.613
102.839
249.143
667.918
199.14
668.733
249.143
667.918
668.355
68.2299
710.134
61.9739
668.355
68.2299
710.134
61.9739
684.649
23.9615
710.134
61.9739
684.649
23.9615
712.056
37.5712
684.649
23.9615
684.649
23.9615
697.829
20.5544
684.649
23.9615
697.829
20.5544
649.1
15.1067
697.829
20.5544
668.355
68.2299
684.649
23.9615
668.355
68.2299
668.355
68.2299
651.668
21.9765
668.355
68.2299
651.668
21.9765
631.16
61.7513
651.668
21.9765
684.649
23.9615
651.668
21.9765
684.649
23.9615
651.668
21.9765
627.857
5.10932
651.668
21.9765
668.355
68.2299
631.16
61.7513
668.355
68.2299
669.69
108.652
668.355
68.2299
669.69
108.652
668.355
68.2299
664.662
104.811
668.355
68.2299
703.613
102.839
710.134
61.9739
703.613
102.839
710.134
61.9739
720.144
79.4922
710.134
61.9739
720.144
79.4922
733.664
59.7172
720.144
79.4922
710.134
61.9739
733.664
59.7172
710.134
61.9739
703.613
102.839
720.144
79.4922
703.613
102.839
703.613
102.839
735.227
98.4211
703.613
102.839
720.144
79.4922
735.227
98.4211
720.144
79.4922
735.227
98.4211
729.842
81.3891
735.227
98.4211
735.227
98.4211
734.881
75.0698
735.227
98.4211
720.144
79.4922
729.842
81.3891
720.144
79.4922
735.227
98.4211
748.378
103.435
735.227
98.4211
199.14
668.733
251.395
675.756
199.14
668.733
214.964
223.732
260.311
202.993
214.964
223.732
664.956
141.926
699.556
153.013
664.956
141.926
664.956
141.926
690.562
162.348
664.956
141.926
690.562
162.348
676.21
164.986
690.562
162.348
690.562
162.348
684.66
168.123
690.562
162.348
684.66
168.123
695.031
169.456
684.66
168.123
251.395
675.756
229.208
716.474
251.395
675.756
684.66
168.123
699.377
188.511
684.66
168.123
699.377
188.511
678.766
199.252
699.377
188.511
260.311
202.993
227.412
197.232
260.311
202.993
678.766
199.252
701.728
193.531
678.766
199.252
678.766
199.252
697.834
209.67
678.766
199.252
697.834
209.67
683.629
213.185
697.834
209.67
683.629
213.185
707.272
234.863
683.629
213.185
260.311
202.993
249.266
179.382
260.311
202.993
684.66
168.123
678.766
199.252
684.66
168.123
678.766
199.252
676.21
164.986
678.766
199.252
678.766
199.252
656.215
171.854
678.766
199.252
676.21
164.986
656.215
171.854
676.21
164.986
656.215
171.854
664.956
141.926
656.215
171.854
249.266
179.382
283.786
160.631
249.266
179.382
678.766
199.252
651.047
219.818
678.766
199.252
651.047
219.818
683.629
213.185
651.047
219.818
651.047
219.818
670.221
241.107
651.047
219.818
651.047
219.818
641.87
231.149
651.047
219.818
695.031
169.456
699.377
188.511
695.031
169.456
695.031
169.456
722.815
195.423
695.031
169.456
712.449
131.008
749.429
137.338
712.449
131.008
249.266
179.382
256.498
148.508
249.266
179.382
229.208
716.474
270.441
715.708
229.208
716.474
695.031
169.456
699.556
153.013
695.031
169.456
699.377
188.511
722.815
195.423
699.377
188.511
722.815
195.423
701.728
193.531
722.815
195.423
256.498
148.508
222.015
129.126
256.498
148.508
722.815
195.423
697.834
209.67
722.815
195.423
722.815
195.423
707.272
234.863
722.815
195.423
222.015
129.126
259.34
82.6551
222.015
129.126
259.34
82.6551
202.699
105.87
259.34
82.6551
270.441
715.708
233.32
722.308
270.441
715.708
641.598
258.58
584.791
252.662
641.598
258.58
259.34
82.6551
250.525
58.0457
259.34
82.6551
641.598
258.58
611.422
292.06
641.598
258.58
250.525
58.0457
286.259
64.0043
250.525
58.0457
641.598
258.58
620.762
296.493
641.598
258.58
286.259
64.0043
240.575
27.3663
286.259
64.0043
233.32
722.308
251.763
738.867
233.32
722.308
620.762
296.493
651.413
275.225
620.762
296.493
240.575
27.3663
327.982
42.5065
240.575
27.3663
620.762
296.493
641.879
335.641
620.762
296.493
240.575
27.3663
350.485
6.20536
240.575
27.3663
350.485
6.20536
145.538
3.90912
350.485
6.20536
641.879
335.641
598.295
309.477
641.879
335.641
145.538
3.90912
412.14
0.423292
145.538
3.90912
251.763
738.867
223.745
759.135
251.763
738.867
641.879
335.641
580.837
331.186
641.879
335.641
580.837
331.186
636.732
355.406
580.837
331.186
251.763
738.867
245.113
764.402
251.763
738.867
636.732
355.406
541.844
416.201
636.732
355.406
541.844
416.201
652.001
399.097
541.844
416.201
652.001
399.097
610.195
450.288
652.001
399.097
610.195
450.288
655.027
410.995
610.195
450.288
610.195
450.288
648.276
446.273
610.195
450.288
207.906
259.149
214.964
223.732
207.906
259.149
610.195
450.288
636.917
458.642
610.195
450.288
207.906
259.149
161.443
234.751
207.906
259.149
245.113
764.402
267.162
751.673
245.113
764.402
580.837
331.186
541.844
416.201
580.837
331.186
541.844
416.201
547.721
346.743
541.844
416.201
541.844
416.201
538.205
351.198
541.844
416.201
580.837
331.186
547.721
346.743
580.837
331.186
547.721
346.743
567.16
310.524
547.721
346.743
567.16
310.524
540.256
297.402
567.16
310.524
567.16
310.524
553.298
271.831
567.16
310.524
553.298
271.831
572.205
257.872
553.298
271.831
572.205
257.872
546.582
260.42
572.205
257.872
245.113
764.402
279.254
776.316
245.113
764.402
547.721
346.743
540.256
297.402
547.721
346.743
245.113
764.402
264.225
801.261
245.113
764.402
540.256
297.402
538.205
351.198
540.256
297.402
546.582
260.42
513.869
259.468
546.582
260.42
513.869
259.468
536.924
281.074
513.869
259.468
161.443
234.751
198.653
280.966
161.443
234.751
536.924
281.074
502.145
277.347
536.924
281.074
264.225
801.261
240.197
813.902
264.225
801.261
546.582
260.42
536.924
281.074
546.582
260.42
536.924
281.074
553.298
271.831
536.924
281.074
538.205
351.198
505.964
337.609
538.205
351.198
161.443
234.751
135.071
258.798
161.443
234.751
567.16
310.524
572.205
257.872
567.16
310.524
572.205
257.872
592.844
311.062
572.205
257.872
572.205
257.872
611.422
292.06
572.205
257.872
240.197
813.902
271.111
842.786
240.197
813.902
572.205
257.872
584.791
252.662
572.205
257.872
135.071
258.798
139.536
228.914
135.071
258.798
592.844
311.062
611.422
292.06
592.844
311.062
592.844
311.062
598.295
309.477
592.844
311.062
592.844
311.062
580.837
331.186
592.844
311.062
611.422
292.06
598.295
309.477
611.422
292.06
139.536
228.914
130.621
255.508
139.536
228.914
541.844
416.201
610.195
450.288
541.844
416.201
541.844
416.201
598.283
458.694
541.844
416.201
598.283
458.694
538.366
469.058
598.283
458.694
598.283
458.694
551.63
487.795
598.283
458.694
130.621
255.508
129.354
229.734
130.621
255.508
551.63
487.795
599.166
474.725
551.63
487.795
129.354
229.734
31.9513
268.548
129.354
229.734
541.844
416.201
538.366
469.058
541.844
416.201
538.366
469.058
505.594
440.714
538.366
469.058
31.9513
268.548
23.9309
226.904
31.9513
268.548
538.366
469.058
503.272
472.539
538.366
469.058
538.366
469.058
512.81
482.389
538.366
469.058
538.366
469.058
525.102
483.412
538.366
469.058
23.9309
226.904
6.73107
262.152
23.9309
226.904
525.102
483.412
551.63
487.795
525.102
483.412
503.272
472.539
512.81
482.389
503.272
472.539
598.283
458.694
599.166
474.725
598.283
458.694
129.354
229.734
23.9309
226.904
129.354
229.734
636.732
355.406
652.001
399.097
636.732
355.406
636.732
355.406
646.741
362.612
636.732
355.406
129.354
229.734
121.641
202.335
129.354
229.734
646.741
362.612
641.879
335.641
646.741
362.612
641.879
335.641
669.318
378.111
641.879
335.641
669.318
378.111
725.202
301.254
669.318
378.111
121.641
202.335
139.536
228.914
121.641
202.335
641.879
335.641
725.202
301.254
641.879
335.641
725.202
301.254
666.961
275.035
725.202
301.254
121.641
202.335
147.748
162.334
121.641
202.335
641.879
335.641
666.961
275.035
641.879
335.641
666.961
275.035
651.413
275.225
666.961
275.035
147.748
162.334
111.672
182.451
147.748
162.334
147.748
162.334
114.643
129.31
147.748
162.334
669.318
378.111
744.252
362.124
669.318
378.111
669.318
378.111
744.659
388.137
669.318
378.111
669.318
378.111
692.61
425.956
669.318
378.111
114.643
129.31
149.537
135.85
114.643
129.31
149.537
135.85
112.827
122.833
149.537
135.85
692.61
425.956
655.027
410.995
692.61
425.956
692.61
425.956
648.276
446.273
692.61
425.956
692.61
425.956
681.342
465.044
692.61
425.956
112.827
122.833
128.383
62.0391
112.827
122.833
681.342
465.044
721.839
426.547
681.342
465.044
128.383
62.0391
118.068
65.3309
128.383
62.0391
669.318
378.111
655.027
410.995
669.318
378.111
669.318
378.111
652.001
399.097
669.318
378.111
128.383
62.0391
110.032
57.1761
128.383
62.0391
648.276
446.273
681.342
465.044
648.276
446.273
110.032
57.1761
128.287
39.8431
110.032
57.1761
128.287
39.8431
120.3
28.3222
128.287
39.8431
744.659
388.137
692.61
425.956
744.659
388.137
744.659
388.137
721.839
426.547
744.659
388.137
120.3
28.3222
145.538
3.90912
120.3
28.3222
145.538
3.90912
119.583
17.8726
145.538
3.90912
721.839
426.547
736.882
438.404
721.839
426.547
271.111
842.786
237.998
850.506
271.111
842.786
112.827
122.833
118.068
65.3309
112.827
122.833
112.827
122.833
75.9398
71.9688
112.827
122.833
75.9398
71.9688
74.1573
149.108
75.9398
71.9688
75.9398
71.9688
28.7363
119.736
75.9398
71.9688
237.998
850.506
271.26
869.408
237.998
850.506
28.7363
119.736
33.059
57.1512
28.7363
119.736
28.7363
119.736
10.0198
17.2041
28.7363
119.736
271.26
869.408
239.372
893.482
271.26
869.408
75.9398
71.9688
33.059
57.1512
75.9398
71.9688
33.059
57.1512
76.3207
58.3076
33.059
57.1512
76.3207
58.3076
50.9867
26.0023
76.3207
58.3076
50.9867
26.0023
82.6462
24.9333
50.9867
26.0023
50.9867
26.0023
81.3171
3.21155
50.9867
26.0023
239.372
893.482
256.011
910.558
239.372
893.482
33.059
57.1512
50.9867
26.0023
33.059
57.1512
33.059
57.1512
38.9849
12.7106
33.059
57.1512
38.9849
12.7106
10.0198
17.2041
38.9849
12.7106
50.9867
26.0023
38.9849
12.7106
50.9867
26.0023
773.156
306.785
768.901
233.218
773.156
306.785
256.011
910.558
243.094
929.415
256.011
910.558
76.3207
58.3076
82.6462
24.9333
76.3207
58.3076
76.3207
58.3076
90.6686
34.8497
76.3207
58.3076
90.6686
34.8497
110.032
57.1761
90.6686
34.8497
243.094
929.415
284.462
944.29
243.094
929.415
90.6686
34.8497
120.3
28.3222
90.6686
34.8497
90.6686
34.8497
119.583
17.8726
90.6686
34.8497
119.583
17.8726
82.6462
24.9333
119.583
17.8726
773.156
306.785
811.499
245.184
773.156
306.785
76.3207
58.3076
110.032
57.1761
76.3207
58.3076
110.032
57.1761
75.9398
71.9688
110.032
57.1761
243.094
929.415
264.019
966.342
243.094
929.415
811.499
245.184
825.23
251.424
811.499
245.184
74.1573
149.108
28.7363
119.736
74.1573
149.108
74.1573
149.108
24.8024
154.807
74.1573
149.108
264.019
966.342
221.46
964.583
264.019
966.342
74.1573
149.108
38.3746
170.553
74.1573
149.108
74.1573
149.108
60.6078
175.482
74.1573
149.108
60.6078
175.482
111.672
182.451
60.6078
175.482
60.6078
175.482
121.641
202.335
60.6078
175.482
121.641
202.335
27.8952
205.467
121.641
202.335
264.019
966.342
205.558
997.001
264.019
966.342
205.558
997.001
310.498
974.641
205.558
997.001
38.3746
170.553
60.6078
175.482
38.3746
170.553
38.3746
170.553
28.3759
200.129
38.3746
170.553
28.3759
200.129
16.5572
172.515
28.3759
200.129
16.5572
172.515
5.52074
176.326
16.5572
172.515
5.52074
176.326
24.8024
154.807
5.52074
176.326
38.3746
170.553
16.5572
172.515
38.3746
170.553
60.6078
175.482
28.3759
200.129
60.6078
175.482
28.3759
200.129
27.8952
205.467
28.3759
200.129
825.23
251.424
823.438
237.042
825.23
251.424
27.8952
205.467
5.52074
176.326
27.8952
205.467
74.1573
149.108
111.672
182.451
74.1573
149.108
74.1573
149.108
114.643
129.31
74.1573
149.108
825.23
251.424
848.039
235.652
825.23
251.424
149.537
135.85
128.383
62.0391
149.537
135.85
848.039
235.652
843.231
274.796
848.039
235.652
149.537
135.85
152.375
54.6498
149.537
135.85
149.537
135.85
182.781
66.3293
149.537
135.85
149.537
135.85
202.699
105.87
149.537
135.85
202.699
105.87
195.973
158.452
202.699
105.87
848.039
235.652
904.06
279.028
848.039
235.652
182.781
66.3293
202.699
105.87
182.781
66.3293
182.781
66.3293
250.525
58.0457
182.781
66.3293
182.781
66.3293
240.575
27.3663
182.781
66.3293
240.575
27.3663
175.739
36.4728
240.575
27.3663
904.06
279.028
917.263
227.525
904.06
279.028
175.739
36.4728
145.538
3.90912
175.739
36.4728
175.739
36.4728
128.287
39.8431
175.739
36.4728
904.06
279.028
938.307
223.697
904.06
279.028
175.739
36.4728
152.375
54.6498
175.739
36.4728
128.287
39.8431
152.375
54.6498
128.287
39.8431
128.287
39.8431
136.897
52.3943
128.287
39.8431
152.375
54.6498
136.897
52.3943
152.375
54.6498
938.307
223.697
912.94
289.421
938.307
223.697
149.537
135.85
195.973
158.452
149.537
135.85
233.32
722.308
223.745
759.135
233.32
722.308
195.973
158.452
147.748
162.334
195.973
158.452
938.307
223.697
974.175
252.55
938.307
223.697
195.973
158.452
161.443
234.751
195.973
158.452
147.748
162.334
161.443
234.751
147.748
162.334
974.175
252.55
946.051
190.305
974.175
252.55
195.973
158.452
214.964
223.732
195.973
158.452
195.973
158.452
227.412
197.232
195.973
158.452
974.175
252.55
993.05
176.81
974.175
252.55
195.973
158.452
249.266
179.382
195.973
158.452
993.05
176.81
994.45
256.889
993.05
176.81
223.745
759.135
216.398
722.733
223.745
759.135
994.45
256.889
998.052
83.1874
994.45
256.889
216.398
722.733
177.228
773.864
216.398
722.733
130.621
255.508
31.9513
268.548
130.621
255.508
177.228
773.864
161.597
746.564
177.228
773.864
130.621
255.508
80.669
298.966
130.621
255.508
130.621
255.508
98.2056
314.649
130.621
255.508
848.039
235.652
917.263
227.525
848.039
235.652
98.2056
314.649
135.071
258.798
98.2056
314.649
848.039
235.652
876.872
178.472
848.039
235.652
98.2056
314.649
138.032
310.017
98.2056
314.649
876.872
178.472
856.326
180.319
876.872
178.472
138.032
310.017
99.8296
332.223
138.032
310.017
876.872
178.472
862.034
127.447
876.872
178.472
99.8296
332.223
149.915
333.412
99.8296
332.223
862.034
127.447
890.58
163.878
862.034
127.447
149.915
333.412
103.179
352.439
149.915
333.412
890.58
163.878
873.894
124.623
890.58
163.878
103.179
352.439
155.651
361.514
103.179
352.439
873.894
124.623
895.305
135.475
873.894
124.623
155.651
361.514
99.9625
363.284
155.651
361.514
873.894
124.623
899.82
120.244
873.894
124.623
155.651
361.514
100.727
400.071
155.651
361.514
873.894
124.623
898.553
73.0512
873.894
124.623
155.651
361.514
105.897
412.703
155.651
361.514
898.553
73.0512
846.61
93.5544
898.553
73.0512
105.897
412.703
128.084
434.263
105.897
412.703
898.553
73.0512
854.75
72.2003
898.553
73.0512
128.084
434.263
102.381
438.796
128.084
434.263
898.553
73.0512
855.2
53.2726
898.553
73.0512
102.381
438.796
136.495
455.031
102.381
438.796
161.597
746.564
129.544
753.616
161.597
746.564
136.495
455.031
104.027
484.637
136.495
455.031
898.553
73.0512
867.731
33.9311
898.553
73.0512
99.9625
363.284
100.727
400.071
99.9625
363.284
867.731
33.9311
927.108
29.4768
867.731
33.9311
927.108
29.4768
860.306
0.553148
927.108
29.4768
99.9625
363.284
83.4494
389.006
99.9625
363.284
83.4494
389.006
52.7219
350.475
83.4494
389.006
52.7219
350.475
55.9709
393.89
52.7219
350.475
873.894
124.623
846.61
93.5544
873.894
124.623
55.9709
393.89
38.4353
360.653
55.9709
393.89
38.4353
360.653
32.6145
387.143
38.4353
360.653
32.6145
387.143
25.7116
355.999
32.6145
387.143
129.544
753.616
154.3
721.944
129.544
753.616
25.7116
355.999
20.5591
411.912
25.7116
355.999
20.5591
411.912
6.73107
262.152
20.5591
411.912
846.61
93.5544
862.034
127.447
846.61
93.5544
862.034
127.447
819.259
107.595
862.034
127.447
99.9625
363.284
52.7219
350.475
99.9625
363.284
819.259
107.595
810.829
128.783
819.259
107.595
129.544
753.616
121.208
733.977
129.544
753.616
52.7219
350.475
74.7512
333.222
52.7219
350.475
74.7512
333.222
44.8355
342.779
74.7512
333.222
810.829
128.783
807.325
98.899
810.829
128.783
74.7512
333.222
35.0733
285.252
74.7512
333.222
35.0733
285.252
80.669
298.966
35.0733
285.252
44.8355
342.779
35.0733
285.252
44.8355
342.779
44.8355
342.779
21.9325
283.945
44.8355
342.779
819.259
107.595
807.325
98.899
819.259
107.595
129.544
753.616
119.25
741.216
129.544
753.616
21.9325
283.945
25.7116
355.999
21.9325
283.945
819.259
107.595
809.645
84.8127
819.259
107.595
21.9325
283.945
6.73107
262.152
21.9325
283.945
809.645
84.8127
846.61
93.5544
809.645
84.8127
21.9325
283.945
31.9513
268.548
21.9325
283.945
809.645
84.8127
854.75
72.2003
809.645
84.8127
44.8355
342.779
25.7116
355.999
44.8355
342.779
809.645
84.8127
855.2
53.2726
809.645
84.8127
44.8355
342.779
38.4353
360.653
44.8355
342.779
855.2
53.2726
795.328
60.43
855.2
53.2726
119.25
741.216
106.888
752.38
119.25
741.216
855.2
53.2726
812.411
21.619
855.2
53.2726
74.7512
333.222
80.669
298.966
74.7512
333.222
812.411
21.619
841.284
19.7734
812.411
21.619
74.7512
333.222
98.2056
314.649
74.7512
333.222
812.411
21.619
843.749
4.41594
812.411
21.619
843.749
4.41594
790.442
13.7617
843.749
4.41594
74.7512
333.222
99.8296
332.223
74.7512
333.222
843.749
4.41594
775.576
0.448408
843.749
4.41594
74.7512
333.222
103.179
352.439
74.7512
333.222
106.888
752.38
85.3001
734.332
106.888
752.38
795.328
60.43
812.411
21.619
795.328
60.43
795.328
60.43
783.023
35.826
795.328
60.43
783.023
35.826
768.437
52.2432
783.023
35.826
83.4494
389.006
55.9709
393.89
83.4494
389.006
85.3001
734.332
85.0667
752.491
85.3001
734.332
83.4494
389.006
47.5283
405.797
83.4494
389.006
47.5283
405.797
93.9985
435.808
47.5283
405.797
93.9985
435.808
45.6897
435.024
93.9985
435.808
45.6897
435.024
73.2296
461.988
45.6897
435.024
85.0667
752.491
52.3905
731.315
85.0667
752.491
812.411
21.619
783.023
35.826
812.411
21.619
47.5283
405.797
45.6897
435.024
47.5283
405.797
45.6897
435.024
30.196
413.761
45.6897
435.024
45.6897
435.024
20.5591
411.912
45.6897
435.024
52.3905
731.315
30.1364
756.674
52.3905
731.315
47.5283
405.797
30.196
413.761
47.5283
405.797
47.5283
405.797
27.3265
408.537
47.5283
405.797
47.5283
405.797
32.6145
387.143
47.5283
405.797
32.6145
387.143
49.8375
396.061
32.6145
387.143
783.023
35.826
790.442
13.7617
783.023
35.826
27.3265
408.537
32.6145
387.143
27.3265
408.537
52.3905
731.315
12.0415
752.086
52.3905
731.315
795.328
60.43
768.437
52.2432
795.328
60.43
795.328
60.43
773.236
97.2608
795.328
60.43
773.236
97.2608
809.645
84.8127
773.236
97.2608
27.3265
408.537
20.5591
411.912
27.3265
408.537
843.749
4.41594
860.306
0.553148
843.749
4.41594
47.5283
405.797
49.8375
396.061
47.5283
405.797
860.306
0.553148
841.284
19.7734
860.306
0.553148
841.284
19.7734
867.731
33.9311
841.284
19.7734
93.9985
435.808
73.2296
461.988
93.9985
435.808
73.2296
461.988
102.381
438.796
73.2296
461.988
93.9985
435.808
102.381
438.796
93.9985
435.808
862.034
127.447
810.829
128.783
862.034
127.447
93.9985
435.808
105.897
412.703
93.9985
435.808
93.9985
435.808
100.727
400.071
93.9985
435.808
810.829
128.783
856.326
180.319
810.829
128.783
856.326
180.319
792.695
200.862
856.326
180.319
792.695
200.862
833.728
223.711
792.695
200.862
73.2296
461.988
104.027
484.637
73.2296
461.988
12.0415
752.086
53.7227
708.67
12.0415
752.086
833.728
223.711
798.361
224.38
833.728
223.711
798.361
224.38
823.438
237.042
798.361
224.38
12.0415
752.086
50.1765
679.714
12.0415
752.086
810.829
128.783
792.695
200.862
810.829
128.783
792.695
200.862
758.292
164.922
792.695
200.862
792.695
200.862
757.948
170.059
792.695
200.862
50.1765
679.714
0.810419
754.686
50.1765
679.714
0.810419
754.686
11.5564
637.544
0.810419
754.686
155.651
361.514
128.084
434.263
155.651
361.514
792.695
200.862
759.739
189.294
792.695
200.862
0.810419
754.686
0.769982
617.661
0.810419
754.686
792.695
200.862
759.673
192.344
792.695
200.862
792.695
200.862
769.209
223.863
792.695
200.862
769.209
223.863
798.361
224.38
769.209
223.863
798.361
224.38
768.901
233.218
798.361
224.38
759.673
192.344
769.209
223.863
759.673
192.344
769.209
223.863
751.89
208.92
769.209
223.863
769.209
223.863
758.456
221.272
769.209
223.863
856.326
180.319
833.728
223.711
856.326
180.319
833.728
223.711
848.039
235.652
833.728
223.711
154.3
721.944
121.208
733.977
154.3
721.944
899.82
120.244
898.553
73.0512
899.82
120.244
899.82
120.244
911.863
106.613
899.82
120.244
154.3
721.944
117.996
717.845
154.3
721.944
911.863
106.613
923.34
118.926
911.863
106.613
155.651
361.514
186.717
437.109
155.651
361.514
155.651
361.514
208.183
395.992
155.651
361.514
117.996
717.845
144.913
703.697
117.996
717.845
155.651
361.514
175.582
354.013
155.651
361.514
175.582
354.013
149.915
333.412
175.582
354.013
198.653
280.966
135.071
258.798
198.653
280.966
135.071
258.798
168.126
315.72
135.071
258.798
168.126
315.72
138.032
310.017
168.126
315.72
207.906
259.149
198.653
280.966
207.906
259.149
923.34
118.926
920.705
106.374
923.34
118.926
920.705
106.374
944.543
125.682
920.705
106.374
128.084
434.263
186.717
437.109
128.084
434.263
944.543
125.682
954.922
85.8938
944.543
125.682
186.717
437.109
136.495
455.031
186.717
437.109
954.922
85.8938
963.121
124.381
954.922
85.8938
186.717
437.109
175.725
459.199
186.717
437.109
963.121
124.381
985.054
102.081
963.121
124.381
985.054
102.081
991.535
145.228
985.054
102.081
175.725
459.199
187.575
462.207
175.725
459.199
991.535
145.228
998.052
83.1874
991.535
145.228
187.575
462.207
178.858
464.194
187.575
462.207
187.575
462.207
182.785
467.102
187.575
462.207
182.785
467.102
191.131
471.966
182.785
467.102
920.705
106.374
954.922
85.8938
920.705
106.374
191.131
471.966
170.672
483.577
191.131
471.966
191.131
471.966
171.174
489.072
191.131
471.966
954.922
85.8938
929.815
72.8024
954.922
85.8938
929.815
72.8024
972.047
61.0587
929.815
72.8024
929.815
72.8024
955.924
28.636
929.815
72.8024
955.924
28.636
923.604
67.9387
955.924
28.636
955.924
28.636
927.108
29.4768
955.924
28.636
929.815
72.8024
923.604
67.9387
929.815
72.8024
923.604
67.9387
911.863
106.613
923.604
67.9387
923.604
67.9387
898.553
73.0512
923.604
67.9387
929.815
72.8024
911.863
106.613
929.815
72.8024
972.047
61.0587
955.924
28.636
972.047
61.0587
972.047
61.0587
969.44
15.1076
972.047
61.0587
969.44
15.1076
998.052
83.1874
969.44
15.1076
955.924
28.636
969.44
15.1076
955.924
28.636
972.047
61.0587
998.052
83.1874
972.047
61.0587
998.052
83.1874
974.102
72.2542
998.052
83.1874
974.102
72.2542
985.054
102.081
974.102
72.2542
985.054
102.081
966.605
81.1935
985.054
102.081
974.102
72.2542
966.605
81.1935
974.102
72.2542
966.605
81.1935
972.047
61.0587
966.605
81.1935
117.996
717.845
134.36
671.75
117.996
717.845
923.34
118.926
944.543
125.682
923.34
118.926
923.34
118.926
941.892
131.018
923.34
118.926
134.36
671.75
95.8808
684.488
134.36
671.75
941.892
131.018
933.832
137.574
941.892
131.018
933.832
137.574
935.621
145.033
933.832
137.574
175.725
459.199
178.858
464.194
175.725
459.199
175.725
459.199
170.672
483.577
175.725
459.199
935.621
145.033
925.801
148.387
935.621
145.033
175.725
459.199
145.088
481.614
175.725
459.199
134.36
671.75
111.687
650.27
134.36
671.75
925.801
148.387
955.155
155.657
925.801
148.387
170.672
483.577
145.088
481.614
170.672
483.577
955.155
155.657
924.646
188.657
955.155
155.657
924.646
188.657
946.051
190.305
924.646
188.657
111.687
650.27
139.074
666.556
111.687
650.27
946.051
190.305
934.098
205.545
946.051
190.305
934.098
205.545
935.359
217.451
934.098
205.545
935.359
217.451
917.263
227.525
935.359
217.451
178.858
464.194
170.672
483.577
178.858
464.194
111.687
650.27
137.997
633.61
111.687
650.27
925.801
148.387
924.646
188.657
925.801
148.387
925.801
148.387
915.203
189.576
925.801
148.387
915.203
189.576
890.58
163.878
915.203
189.576
186.717
437.109
187.575
462.207
186.717
437.109
890.58
163.878
884.482
177.745
890.58
163.878
186.717
437.109
200.895
458.29
186.717
437.109
200.895
458.29
222.459
439.421
200.895
458.29
137.997
633.61
105.771
621.108
137.997
633.61
925.801
148.387
890.58
163.878
925.801
148.387
222.459
439.421
236.812
459.799
222.459
439.421
925.801
148.387
895.305
135.475
925.801
148.387
895.305
135.475
923.34
118.926
895.305
135.475
186.717
437.109
222.459
439.421
186.717
437.109
925.801
148.387
923.34
118.926
925.801
148.387
222.459
439.421
213.797
406.629
222.459
439.421
105.771
621.108
124.728
607.735
105.771
621.108
186.717
437.109
213.797
406.629
186.717
437.109
915.203
189.576
884.482
177.745
915.203
189.576
124.728
607.735
93.6295
565.91
124.728
607.735
884.482
177.745
917.263
227.525
884.482
177.745
222.459
439.421
241.32
421.318
222.459
439.421
915.203
189.576
917.263
227.525
915.203
189.576
93.6295
565.91
134.79
553.57
93.6295
565.91
915.203
189.576
934.098
205.545
915.203
189.576
200.895
458.29
236.812
459.799
200.895
458.29
236.812
459.799
208.317
477.824
236.812
459.799
134.79
553.57
97.3948
551.158
134.79
553.57
208.317
477.824
245.174
473.323
208.317
477.824
200.895
458.29
208.317
477.824
200.895
458.29
955.155
155.657
946.051
190.305
955.155
155.657
208.317
477.824
196.539
462.992
208.317
477.824
955.155
155.657
993.05
176.81
955.155
155.657
208.317
477.824
191.131
471.966
208.317
477.824
196.539
462.992
191.131
471.966
196.539
462.992
196.539
462.992
187.575
462.207
196.539
462.992
955.155
155.657
991.535
145.228
955.155
155.657
991.535
145.228
951.545
140.662
991.535
145.228
951.545
140.662
963.121
124.381
951.545
140.662
951.545
140.662
944.543
125.682
951.545
140.662
134.79
553.57
99.8915
527.233
134.79
553.57
951.545
140.662
941.892
131.018
951.545
140.662
951.545
140.662
935.621
145.033
951.545
140.662
946.051
190.305
935.359
217.451
946.051
190.305
111.687
650.27
105.771
621.108
111.687
650.27
105.771
621.108
71.6774
658.412
105.771
621.108
105.771
621.108
61.5554
647.935
105.771
621.108
61.5554
647.935
44.3222
591.23
61.5554
647.935
843.231
274.796
904.06
279.028
843.231
274.796
61.5554
647.935
28.8443
614.259
61.5554
647.935
28.8443
614.259
48.8309
655.252
28.8443
614.259
843.231
274.796
895.102
303.389
843.231
274.796
48.8309
655.252
18.6269
621.549
48.8309
655.252
18.6269
621.549
11.5564
637.544
18.6269
621.549
895.102
303.389
842.376
288.093
895.102
303.389
271.857
268.807
262.654
233.411
271.857
268.807
105.771
621.108
44.3222
591.23
105.771
621.108
895.102
303.389
826.931
348.34
895.102
303.389
262.654
233.411
284.933
253.827
262.654
233.411
895.102
303.389
836.11
374.743
895.102
303.389
836.11
374.743
943.932
347.447
836.11
374.743
836.11
374.743
908.744
411.769
836.11
374.743
284.933
253.827
304.091
237.296
284.933
253.827
908.744
411.769
862.913
421.875
908.744
411.769
862.913
421.875
892.61
444.328
862.913
421.875
892.61
444.328
869.031
456.125
892.61
444.328
44.3222
591.23
93.6295
565.91
44.3222
591.23
869.031
456.125
898.015
447.822
869.031
456.125
44.3222
591.23
88.8561
563.398
44.3222
591.23
304.091
237.296
319.103
272.577
304.091
237.296
88.8561
563.398
48.9781
565.758
88.8561
563.398
869.031
456.125
906.689
485.472
869.031
456.125
48.9781
565.758
74.3448
549.454
48.9781
565.758
74.3448
549.454
40.8306
531.369
74.3448
549.454
319.103
272.577
369.976
244.224
319.103
272.577
40.8306
531.369
75.0907
545.545
40.8306
531.369
40.8306
531.369
64.9379
518.477
40.8306
531.369
836.11
374.743
862.913
421.875
836.11
374.743
836.11
374.743
843.432
430.021
836.11
374.743
44.3222
591.23
48.9781
565.758
44.3222
591.23
44.3222
591.23
11.2286
560.189
44.3222
591.23
369.976
244.224
382.611
271.859
369.976
244.224
836.11
374.743
793.429
405.257
836.11
374.743
11.2286
560.189
33.4685
600.492
11.2286
560.189
11.2286
560.189
0.769982
617.661
11.2286
560.189
836.11
374.743
790.37
376.931
836.11
374.743
0.769982
617.661
0.634327
555.81
0.769982
617.661
790.37
376.931
799.894
352.446
790.37
376.931
48.9781
565.758
11.2286
560.189
48.9781
565.758
790.37
376.931
760.795
357.197
790.37
376.931
11.2286
560.189
40.8306
531.369
11.2286
560.189
369.976
244.224
382.889
260.592
369.976
244.224
11.2286
560.189
8.78335
541.305
11.2286
560.189
8.78335
541.305
0.634327
555.81
8.78335
541.305
33.4685
600.492
0.769982
617.661
33.4685
600.492
369.976
244.224
390.25
250.613
369.976
244.224
0.769982
617.661
28.8443
614.259
0.769982
617.661
33.4685
600.492
28.8443
614.259
33.4685
600.492
836.11
374.743
799.894
352.446
836.11
374.743
799.894
352.446
826.931
348.34
799.894
352.446
799.894
352.446
815.461
330.495
799.894
352.446
815.461
330.495
791.218
341.429
815.461
330.495
390.25
250.613
390.791
199.369
390.25
250.613
815.461
330.495
773.156
306.785
815.461
330.495
773.156
306.785
842.376
288.093
773.156
306.785
88.8561
563.398
74.3448
549.454
88.8561
563.398
74.3448
549.454
97.3948
551.158
74.3448
549.454
791.218
341.429
773.156
306.785
791.218
341.429
97.3948
551.158
75.0907
545.545
97.3948
551.158
791.218
341.429
760.795
357.197
791.218
341.429
75.0907
545.545
99.8915
527.233
75.0907
545.545
390.25
250.613
401.462
199.466
390.25
250.613
815.461
330.495
842.376
288.093
815.461
330.495
88.8561
563.398
97.3948
551.158
88.8561
563.398
842.376
288.093
825.23
251.424
842.376
288.093
401.462
199.466
420.548
254.412
401.462
199.466
401.462
199.466
433.511
255.176
401.462
199.466
71.6774
658.412
61.5554
647.935
71.6774
658.412
433.511
255.176
443.669
188.18
433.511
255.176
843.432
430.021
793.429
405.257
843.432
430.021
433.511
255.176
465.11
239.425
433.511
255.176
793.429
405.257
828.37
459.006
793.429
405.257
828.37
459.006
791.446
469.913
828.37
459.006
465.11
239.425
438.936
274.388
465.11
239.425
793.429
405.257
791.446
469.913
793.429
405.257
791.446
469.913
775.381
410.328
791.446
469.913
775.381
410.328
771.154
411.62
775.381
410.328
369.976
244.224
390.791
199.369
369.976
244.224
775.381
410.328
759.022
393.073
775.381
410.328
771.154
411.62
759.022
393.073
771.154
411.62
775.381
410.328
790.37
376.931
775.381
410.328
773.021
480.667
791.446
469.913
773.021
480.667
773.021
480.667
790.647
476.857
773.021
480.667
773.021
480.667
786.855
498.125
773.021
480.667
773.021
480.667
761.4
493.506
773.021
480.667
843.432
430.021
828.37
459.006
843.432
430.021
828.37
459.006
843.358
441.604
828.37
459.006
843.358
441.604
847.123
469.957
843.358
441.604
847.123
469.957
849.791
442.87
847.123
469.957
849.791
442.87
869.031
456.125
849.791
442.87
849.791
442.87
862.913
421.875
849.791
442.87
849.791
442.87
843.432
430.021
849.791
442.87
390.791
199.369
318.148
201.687
390.791
199.369
71.6774
658.412
61.6671
655.73
71.6774
658.412
943.932
347.447
908.744
411.769
943.932
347.447
71.6774
658.412
50.1765
679.714
71.6774
658.412
908.744
411.769
949.509
364.792
908.744
411.769
50.1765
679.714
87.2294
681.846
50.1765
679.714
318.148
201.687
382.614
169.043
318.148
201.687
949.509
364.792
928.08
423.782
949.509
364.792
50.1765
679.714
83.5915
692.39
50.1765
679.714
83.5915
692.39
53.7227
708.67
83.5915
692.39
53.7227
708.67
74.4691
722.995
53.7227
708.67
382.614
169.043
320.988
165.917
382.614
169.043
74.4691
722.995
52.3905
731.315
74.4691
722.995
949.509
364.792
999.253
418.144
949.509
364.792
48.8309
655.252
11.5564
637.544
48.8309
655.252
382.614
169.043
333.798
146.375
382.614
169.043
999.253
418.144
984.33
339.437
999.253
418.144
48.8309
655.252
50.1765
679.714
48.8309
655.252
48.8309
655.252
61.6671
655.73
48.8309
655.252
382.614
169.043
361.668
132.052
382.614
169.043
943.932
347.447
949.509
364.792
943.932
347.447
943.932
347.447
970.318
336.743
943.932
347.447
943.932
347.447
952.179
322.411
943.932
347.447
361.668
132.052
382.053
140.054
361.668
132.052
952.179
322.411
895.102
303.389
952.179
322.411
83.5915
692.39
74.4691
722.995
83.5915
692.39
952.179
322.411
912.94
289.421
952.179
322.411
83.5915
692.39
78.7509
724.141
83.5915
692.39
912.94
289.421
974.586
270.255
912.94
289.421
382.053
140.054
377.714
130.57
382.053
140.054
83.5915
692.39
112.394
717.397
83.5915
692.39
112.394
717.397
95.8808
684.488
112.394
717.397
895.102
303.389
912.94
289.421
895.102
303.389
83.5915
692.39
95.8808
684.488
83.5915
692.39
95.8808
684.488
87.2294
681.846
95.8808
684.488
377.714
130.57
402.234
115.842
377.714
130.57
87.2294
681.846
111.687
650.27
87.2294
681.846
952.179
322.411
974.586
270.255
952.179
322.411
974.586
270.255
970.318
336.743
974.586
270.255
974.586
270.255
984.33
339.437
974.586
270.255
974.586
270.255
999.79
336.671
974.586
270.255
974.586
270.255
994.45
256.889
974.586
270.255
994.45
256.889
975.552
260.129
994.45
256.889
974.586
270.255
975.552
260.129
974.586
270.255
377.714
130.57
397.885
96.1827
377.714
130.57
970.318
336.743
984.33
339.437
970.318
336.743
78.7509
724.141
112.394
717.397
78.7509
724.141
397.885
96.1827
358.095
124.091
397.885
96.1827
397.885
96.1827
356.949
72.876
397.885
96.1827
112.394
717.397
85.3001
734.332
112.394
717.397
928.08
423.782
999.253
418.144
928.08
423.782
85.3001
734.332
121.208
733.977
85.3001
734.332
928.08
423.782
947.515
445.432
928.08
423.782
356.949
72.876
389.109
75.869
356.949
72.876
78.7509
724.141
85.3001
734.332
78.7509
724.141
947.515
445.432
938.789
445.083
947.515
445.432
112.394
717.397
121.208
733.977
112.394
717.397
938.789
445.083
947.575
446.484
938.789
445.083
947.575
446.484
935.439
481.115
947.575
446.484
938.789
445.083
935.439
481.115
938.789
445.083
935.439
481.115
898.015
447.822
935.439
481.115
389.109
75.869
357.14
70.6836
389.109
75.869
938.789
445.083
898.015
447.822
938.789
445.083
898.015
447.822
928.08
423.782
898.015
447.822
357.14
70.6836
392.371
37.3669
357.14
70.6836
898.015
447.822
908.744
411.769
898.015
447.822
392.371
37.3669
363.395
28.4819
392.371
37.3669
935.439
481.115
906.689
485.472
935.439
481.115
363.395
28.4819
387.176
20.7225
363.395
28.4819
387.176
20.7225
355.73
15.9411
387.176
20.7225
387.176
20.7225
350.485
6.20536
387.176
20.7225
999.253
418.144
947.515
445.432
999.253
418.144
137.997
633.61
124.728
607.735
137.997
633.61
947.515
445.432
989.69
437.469
947.515
445.432
989.69
437.469
983.4
445.748
989.69
437.469
989.69
437.469
991.117
461.828
989.69
437.469
124.728
607.735
152.398
630.569
124.728
607.735
947.515
445.432
983.4
445.748
947.515
445.432
947.515
445.432
972.109
457.907
947.515
445.432
983.4
445.748
972.109
457.907
983.4
445.748
377.714
130.57
358.095
124.091
377.714
130.57
152.398
630.569
158.503
606.369
152.398
630.569
358.095
124.091
361.668
132.052
358.095
124.091
158.503
606.369
179.446
635.682
158.503
606.369
358.095
124.091
333.798
146.375
358.095
124.091
179.446
635.682
193.945
620.283
179.446
635.682
358.095
124.091
323.864
132.851
358.095
124.091
193.945
620.283
187.384
640.244
193.945
620.283
323.864
132.851
333.991
105.092
323.864
132.851
323.864
132.851
321.513
104.416
323.864
132.851
193.945
620.283
199.636
645.081
193.945
620.283
323.864
132.851
271.957
87.4713
323.864
132.851
193.945
620.283
216.574
626.442
193.945
620.283
271.957
87.4713
283.786
160.631
271.957
87.4713
271.957
87.4713
256.498
148.508
271.957
87.4713
216.574
626.442
226.781
603.28
216.574
626.442
216.574
626.442
231.402
619.96
216.574
626.442
231.402
619.96
223.31
637.484
231.402
619.96
321.513
104.416
271.957
87.4713
321.513
104.416
271.957
87.4713
318.078
81.8728
271.957
87.4713
158.503
606.369
193.945
620.283
158.503
606.369
318.078
81.8728
286.259
64.0043
318.078
81.8728
286.259
64.0043
316.12
59.799
286.259
64.0043
193.945
620.283
178.223
579.303
193.945
620.283
271.957
87.4713
286.259
64.0043
271.957
87.4713
178.223
579.303
226.781
603.28
178.223
579.303
178.223
579.303
217.451
565.664
178.223
579.303
178.223
579.303
205.208
558.958
178.223
579.303
318.078
81.8728
316.12
59.799
318.078
81.8728
316.12
59.799
357.14
70.6836
316.12
59.799
178.223
579.303
192.517
554.14
178.223
579.303
357.14
70.6836
327.982
42.5065
357.14
70.6836
327.982
42.5065
363.395
28.4819
327.982
42.5065
192.517
554.14
162.63
537.772
192.517
554.14
327.982
42.5065
355.73
15.9411
327.982
42.5065
162.63
537.772
197.075
545.779
162.63
537.772
197.075
545.779
185.828
516.081
197.075
545.779
318.078
81.8728
357.14
70.6836
318.078
81.8728
318.078
81.8728
356.949
72.876
318.078
81.8728
356.949
72.876
333.991
105.092
356.949
72.876
178.223
579.303
162.63
537.772
178.223
579.303
318.078
81.8728
333.991
105.092
318.078
81.8728
162.63
537.772
144.994
561.184
162.63
537.772
144.994
561.184
134.79
553.57
144.994
561.184
162.63
537.772
134.79
553.57
162.63
537.772
162.63
537.772
160.465
505.492
162.63
537.772
162.63
537.772
162.698
506.067
162.63
537.772
323.864
132.851
283.786
160.631
323.864
132.851
283.786
160.631
323.053
153.088
283.786
160.631
178.223
579.303
144.994
561.184
178.223
579.303
144.994
561.184
155.914
587.326
144.994
561.184
323.053
153.088
295.346
168.698
323.053
153.088
155.914
587.326
124.728
607.735
155.914
587.326
295.346
168.698
320.988
165.917
295.346
168.698
155.914
587.326
158.503
606.369
155.914
587.326
295.346
168.698
318.148
201.687
295.346
168.698
318.148
201.687
260.311
202.993
318.148
201.687
318.148
201.687
304.091
237.296
318.148
201.687
217.451
565.664
205.208
558.958
217.451
565.664
295.346
168.698
260.311
202.993
295.346
168.698
205.208
558.958
237.666
530.717
205.208
558.958
237.666
530.717
197.075
545.779
237.666
530.717
260.311
202.993
304.091
237.296
260.311
202.993
205.208
558.958
197.075
545.779
205.208
558.958
226.781
603.28
217.451
565.664
226.781
603.28
226.781
603.28
247.009
584.349
226.781
603.28
323.864
132.851
323.053
153.088
323.864
132.851
323.053
153.088
333.798
146.375
323.053
153.088
382.053
140.054
402.234
115.842
382.053
140.054
187.384
640.244
199.636
645.081
187.384
640.244
402.234
115.842
421.254
145.88
402.234
115.842
421.254
145.88
430.517
107.663
421.254
145.88
199.636
645.081
184.974
649.254
199.636
645.081
184.974
649.254
199.793
655.555
184.974
649.254
199.793
655.555
183.43
658.249
199.793
655.555
430.517
107.663
456.991
148.665
430.517
107.663
183.43
658.249
199.14
668.733
183.43
658.249
456.991
148.665
452.456
93.8472
456.991
148.665
199.14
668.733
176.759
701.969
199.14
668.733
176.759
701.969
216.398
722.733
176.759
701.969
402.234
115.842
430.517
107.663
402.234
115.842
430.517
107.663
426.35
95.5921
430.517
107.663
183.43
658.249
176.759
701.969
183.43
658.249
176.759
701.969
151.195
666.832
176.759
701.969
426.35
95.5921
452.456
93.8472
426.35
95.5921
151.195
666.832
144.913
703.697
151.195
666.832
426.35
95.5921
464.371
74.0436
426.35
95.5921
426.35
95.5921
463.165
53.2091
426.35
95.5921
183.43
658.249
151.195
666.832
183.43
658.249
463.165
53.2091
403.292
42.8837
463.165
53.2091
403.292
42.8837
466.169
44.6241
403.292
42.8837
183.43
658.249
157.377
647.196
183.43
658.249
426.35
95.5921
403.292
42.8837
426.35
95.5921
157.377
647.196
184.974
649.254
157.377
647.196
403.292
42.8837
389.109
75.869
403.292
42.8837
157.377
647.196
179.446
635.682
157.377
647.196
403.292
42.8837
423.409
2.29875
403.292
42.8837
151.195
666.832
157.377
647.196
151.195
666.832
403.292
42.8837
412.14
0.423292
403.292
42.8837
157.377
647.196
140.763
666.654
157.377
647.196
140.763
666.654
137.997
633.61
140.763
666.654
157.377
647.196
137.997
633.61
157.377
647.196
151.195
666.832
140.763
666.654
151.195
666.832
140.763
666.654
134.36
671.75
140.763
666.654
184.974
649.254
179.446
635.682
184.974
649.254
176.759
701.969
144.913
703.697
176.759
701.969
176.759
701.969
154.3
721.944
176.759
701.969
403.292
42.8837
387.176
20.7225
403.292
42.8837
426.35
95.5921
389.109
75.869
426.35
95.5921
426.35
95.5921
397.885
96.1827
426.35
95.5921
199.14
668.733
216.398
722.733
199.14
668.733
452.456
93.8472
464.371
74.0436
452.456
93.8472
464.371
74.0436
473.124
84.5772
464.371
74.0436
216.574
626.442
223.31
637.484
216.574
626.442
223.31
637.484
199.636
645.081
223.31
637.484
199.636
645.081
202.927
658.43
199.636
645.081
202.927
658.43
199.793
655.555
202.927
658.43
421.254
145.88
456.991
148.665
421.254
145.88
421.254
145.88
443.669
188.18
421.254
145.88
443.669
188.18
400.87
179.53
443.669
188.18
421.254
145.88
400.87
179.53
421.254
145.88
400.87
179.53
382.614
169.043
400.87
179.53
382.614
169.043
394.859
180.517
382.614
169.043
216.398
722.733
229.208
716.474
216.398
722.733
421.254
145.88
382.614
169.043
421.254
145.88
129.544
753.616
106.888
752.38
129.544
753.616
129.544
753.616
104.037
768.102
129.544
753.616
400.87
179.53
394.859
180.517
400.87
179.53
394.859
180.517
401.462
199.466
394.859
180.517
129.544
753.616
121.181
782.404
129.544
753.616
443.669
188.18
465.11
239.425
443.669
188.18
500.001
169.564
470.893
183.548
500.001
169.564
500.001
169.564
470.617
175.589
500.001
169.564
470.617
175.589
456.991
148.665
470.617
175.589
121.181
782.404
152.031
800.869
121.181
782.404
470.617
175.589
443.669
188.18
470.617
175.589
121.181
782.404
126.115
825.842
121.181
782.404
126.115
825.842
82.2664
806.077
126.115
825.842
741.611
529.392
785.329
522.024
741.611
529.392
126.115
825.842
115.334
839.583
126.115
825.842
319.103
272.577
382.611
271.859
319.103
272.577
115.334
839.583
142.631
842.452
115.334
839.583
382.611
271.859
365.182
334.655
382.611
271.859
115.334
839.583
142.576
844.868
115.334
839.583
365.182
334.655
399.388
282.827
365.182
334.655
115.334
839.583
145.568
861.323
115.334
839.583
145.568
861.323
94.5614
846.254
145.568
861.323
365.182
334.655
406.682
295.543
365.182
334.655
94.5614
846.254
137.545
915.243
94.5614
846.254
137.545
915.243
88.7168
935.83
137.545
915.243
365.182
334.655
414.311
314.111
365.182
334.655
785.329
522.024
736.798
555.98
785.329
522.024
137.545
915.243
102.476
945.353
137.545
915.243
102.476
945.353
174.294
984.648
102.476
945.353
174.294
984.648
94.2246
983.643
174.294
984.648
365.182
334.655
377.152
350.308
365.182
334.655
94.2246
983.643
205.558
997.001
94.2246
983.643
377.152
350.308
339.571
336.408
377.152
350.308
94.5614
846.254
88.7168
935.83
94.5614
846.254
377.152
350.308
356.001
388.864
377.152
350.308
94.5614
846.254
11.8903
879.232
94.5614
846.254
11.8903
879.232
16.6843
860.487
11.8903
879.232
11.8903
879.232
0.810419
754.686
11.8903
879.232
377.152
350.308
367.811
385.208
377.152
350.308
367.811
385.208
403.175
367.918
367.811
385.208
736.798
555.98
794.867
577.068
736.798
555.98
367.811
385.208
384.441
405.684
367.811
385.208
384.441
405.684
356.001
388.864
384.441
405.684
94.5614
846.254
16.6843
860.487
94.5614
846.254
16.6843
860.487
72.3064
818.284
16.6843
860.487
72.3064
818.284
47.144
785.326
72.3064
818.284
47.144
785.326
82.2664
806.077
47.144
785.326
47.144
785.326
85.0667
752.491
47.144
785.326
16.6843
860.487
47.144
785.326
16.6843
860.487
384.441
405.684
347.65
396.97
384.441
405.684
47.144
785.326
0.810419
754.686
47.144
785.326
0.810419
754.686
30.1364
756.674
0.810419
754.686
384.441
405.684
358.656
436.795
384.441
405.684
736.798
555.98
758.032
588.391
736.798
555.98
82.2664
806.077
85.0667
752.491
82.2664
806.077
358.656
436.795
390.832
425.602
358.656
436.795
82.2664
806.077
104.037
768.102
82.2664
806.077
85.0667
752.491
104.037
768.102
85.0667
752.491
390.832
425.602
368.203
441.818
390.832
425.602
94.5614
846.254
72.3064
818.284
94.5614
846.254
368.203
441.818
410.388
461.181
368.203
441.818
94.5614
846.254
82.2664
806.077
94.5614
846.254
368.203
441.818
373.532
480.663
368.203
441.818
88.7168
935.83
11.8903
879.232
88.7168
935.83
373.532
480.663
348.502
453.859
373.532
480.663
339.571
336.408
356.001
388.864
339.571
336.408
339.571
336.408
347.65
396.97
339.571
336.408
347.65
396.97
290.74
339.041
347.65
396.97
88.7168
935.83
11.1203
925.546
88.7168
935.83
290.74
339.041
300.212
413.322
290.74
339.041
11.1203
925.546
88.0009
943.657
11.1203
925.546
88.0009
943.657
15.7459
976.54
88.0009
943.657
15.7459
976.54
56.9928
990.385
15.7459
976.54
736.798
555.98
754.873
593.158
736.798
555.98
11.1203
925.546
15.7459
976.54
11.1203
925.546
11.1203
925.546
3.5801
945.69
11.1203
925.546
300.212
413.322
265.407
370.873
300.212
413.322
88.0009
943.657
56.9928
990.385
88.0009
943.657
56.9928
990.385
89.1306
958.545
56.9928
990.385
89.1306
958.545
94.2246
983.643
89.1306
958.545
339.571
336.408
290.74
339.041
339.571
336.408
339.571
336.408
285.589
325.8
339.571
336.408
89.1306
958.545
102.476
945.353
89.1306
958.545
102.476
945.353
88.0009
943.657
102.476
945.353
285.589
325.8
319.103
272.577
285.589
325.8
319.103
272.577
271.005
287.933
319.103
272.577
319.103
272.577
271.857
268.807
319.103
272.577
285.589
325.8
271.005
287.933
285.589
325.8
271.005
287.933
267.801
312.371
271.005
287.933
754.873
593.158
722.001
556.857
754.873
593.158
267.801
312.371
253.495
293.359
267.801
312.371
253.495
293.359
263.956
313.631
253.495
293.359
271.005
287.933
253.495
293.359
271.005
287.933
145.568
861.323
137.545
915.243
145.568
861.323
285.589
325.8
267.801
312.371
285.589
325.8
285.589
325.8
270.499
329.367
285.589
325.8
145.568
861.323
161.412
896.483
145.568
861.323
270.499
329.367
290.74
339.041
270.499
329.367
290.74
339.041
259.992
366.246
290.74
339.041
161.412
896.483
154.614
861.044
161.412
896.483
270.499
329.367
259.992
366.246
270.499
329.367
270.499
329.367
257.548
333.369
270.499
329.367
270.499
329.367
259.179
313.784
270.499
329.367
270.499
329.367
263.956
313.631
270.499
329.367
339.571
336.408
319.103
272.577
339.571
336.408
754.873
593.158
715.246
615.547
754.873
593.158
154.614
861.044
166.049
893.08
154.614
861.044
347.65
396.97
300.212
413.322
347.65
396.97
300.212
413.322
327.881
413.03
300.212
413.322
166.049
893.08
187.016
863.466
166.049
893.08
327.881
413.03
300.048
424.59
327.881
413.03
166.049
893.08
218.284
865.616
166.049
893.08
327.881
413.03
314.535
456.098
327.881
413.03
314.535
456.098
335.954
460.943
314.535
456.098
218.284
865.616
239.372
893.482
218.284
865.616
300.048
424.59
314.535
456.098
300.048
424.59
314.535
456.098
299.043
444.699
314.535
456.098
299.043
444.699
313.145
474.63
299.043
444.699
299.043
444.699
307.284
481.171
299.043
444.699
299.043
444.699
278.795
490
299.043
444.699
299.043
444.699
272.116
434.011
299.043
444.699
272.116
434.011
300.048
424.59
272.116
434.011
272.116
434.011
300.212
413.322
272.116
434.011
754.873
593.158
735.481
616.109
754.873
593.158
327.881
413.03
335.954
460.943
327.881
413.03
327.881
413.03
348.502
453.859
327.881
413.03
327.881
413.03
358.656
436.795
327.881
413.03
348.502
453.859
358.656
436.795
348.502
453.859
377.152
350.308
403.175
367.918
377.152
350.308
403.175
367.918
420.619
345.172
403.175
367.918
420.619
345.172
440.171
375.544
420.619
345.172
440.171
375.544
455.962
358.394
440.171
375.544
455.962
358.394
470.474
384.366
455.962
358.394
420.619
345.172
455.962
358.394
420.619
345.172
420.619
345.172
469.432
330.932
420.619
345.172
469.432
330.932
421.752
310.686
469.432
330.932
421.752
310.686
443.623
296.997
421.752
310.686
443.623
296.997
416.006
286.708
443.623
296.997
443.623
296.997
423.663
279.115
443.623
296.997
423.663
279.115
438.936
274.388
423.663
279.115
423.663
279.115
433.511
255.176
423.663
279.115
421.752
310.686
416.006
286.708
421.752
310.686
421.752
310.686
406.682
295.543
421.752
310.686
735.481
616.109
765.557
601.622
735.481
616.109
399.388
282.827
406.682
295.543
399.388
282.827
399.388
282.827
416.006
286.708
399.388
282.827
399.388
282.827
423.663
279.115
399.388
282.827
399.388
282.827
420.548
254.412
399.388
282.827
399.388
282.827
390.25
250.613
399.388
282.827
399.388
282.827
382.889
260.592
399.388
282.827
377.152
350.308
420.619
345.172
377.152
350.308
420.619
345.172
414.311
314.111
420.619
345.172
469.432
330.932
443.623
296.997
469.432
330.932
469.432
330.932
461.397
290.878
469.432
330.932
443.623
296.997
461.397
290.878
443.623
296.997
469.432
330.932
487.458
326.642
469.432
330.932
469.432
330.932
471.771
344.597
469.432
330.932
735.481
616.109
756.015
632.206
735.481
616.109
403.175
367.918
440.171
375.544
403.175
367.918
440.171
375.544
429.623
404.446
440.171
375.544
429.623
404.446
472.453
402.643
429.623
404.446
429.623
404.446
449.02
436.942
429.623
404.446
449.02
436.942
406.41
427.395
449.02
436.942
449.02
436.942
417.303
463.949
449.02
436.942
429.623
404.446
406.41
427.395
429.623
404.446
429.623
404.446
397.954
424.801
429.623
404.446
397.954
424.801
384.441
405.684
397.954
424.801
756.015
632.206
714.794
650.835
756.015
632.206
429.623
404.446
384.441
405.684
429.623
404.446
397.954
424.801
390.832
425.602
397.954
424.801
390.832
425.602
406.41
427.395
390.832
425.602
406.41
427.395
410.388
461.181
406.41
427.395
472.453
402.643
449.02
436.942
472.453
402.643
440.171
375.544
472.453
402.643
440.171
375.544
449.02
436.942
492.407
433.795
449.02
436.942
449.02
436.942
485.57
464.658
449.02
436.942
485.57
464.658
472.757
479.185
485.57
464.658
714.794
650.835
759.788
670.171
714.794
650.835
714.794
650.835
758.594
685.638
714.794
650.835
758.594
685.638
727.416
712.477
758.594
685.638
727.416
712.477
769.226
709.265
727.416
712.477
154.614
861.044
187.016
863.466
154.614
861.044
727.416
712.477
769.846
715.274
727.416
712.477
187.016
863.466
159.895
833.79
187.016
863.466
159.895
833.79
199.2
835.041
159.895
833.79
199.2
835.041
183.167
798.352
199.2
835.041
183.167
798.352
240.197
813.902
183.167
798.352
183.167
798.352
223.745
759.135
183.167
798.352
159.895
833.79
183.167
798.352
159.895
833.79
183.167
798.352
156.026
820.469
183.167
798.352
156.026
820.469
152.031
800.869
156.026
820.469
769.846
715.274
729.616
726.564
769.846
715.274
183.167
798.352
152.031
800.869
183.167
798.352
152.031
800.869
177.228
773.864
152.031
800.869
156.026
820.469
126.115
825.842
156.026
820.469
126.115
825.842
145.971
840.723
126.115
825.842
145.971
840.723
142.631
842.452
145.971
840.723
145.971
840.723
142.576
844.868
145.971
840.723
142.576
844.868
154.614
861.044
142.576
844.868
145.971
840.723
154.614
861.044
145.971
840.723
145.971
840.723
159.895
833.79
145.971
840.723
769.846
715.274
743.447
741.79
769.846
715.274
240.197
813.902
223.745
759.135
240.197
813.902
199.2
835.041
240.197
813.902
199.2
835.041
199.2
835.041
218.397
838.108
199.2
835.041
218.397
838.108
208.633
844.311
218.397
838.108
208.633
844.311
218.284
865.616
208.633
844.311
218.284
865.616
200.747
854.874
218.284
865.616
218.284
865.616
199.197
855.452
218.284
865.616
208.633
844.311
200.747
854.874
208.633
844.311
200.747
854.874
199.2
835.041
200.747
854.874
199.2
835.041
199.197
855.452
199.2
835.041
218.397
838.108
218.284
865.616
218.397
838.108
218.397
838.108
237.998
850.506
218.397
838.108
743.447
741.79
773.866
740.877
743.447
741.79
166.049
893.08
239.372
893.482
166.049
893.08
166.049
893.08
196.246
948.547
166.049
893.08
196.246
948.547
161.412
896.483
196.246
948.547
196.246
948.547
137.545
915.243
196.246
948.547
137.545
915.243
193.047
958.194
137.545
915.243
193.047
958.194
174.294
984.648
193.047
958.194
174.294
984.648
205.971
975.282
174.294
984.648
239.372
893.482
196.246
948.547
239.372
893.482
196.246
948.547
243.094
929.415
196.246
948.547
196.246
948.547
221.46
964.583
196.246
948.547
221.46
964.583
193.047
958.194
221.46
964.583
743.447
741.79
785.617
774.175
743.447
741.79
221.46
964.583
205.971
975.282
221.46
964.583
785.617
774.175
731.597
747.878
785.617
774.175
785.617
774.175
708.215
761.565
785.617
774.175
785.617
774.175
692.249
787.571
785.617
774.175
267.162
751.673
279.254
776.316
267.162
751.673
267.162
751.673
285.082
762.575
267.162
751.673
785.617
774.175
696.037
833.98
785.617
774.175
285.082
762.575
287.55
753.346
285.082
762.575
696.037
833.98
774.559
859.279
696.037
833.98
285.082
762.575
319.891
750.982
285.082
762.575
696.037
833.98
756.201
867.22
696.037
833.98
319.891
750.982
307.615
793.738
319.891
750.982
319.891
750.982
361.066
770.868
319.891
750.982
756.201
867.22
686.581
888.283
756.201
867.22
319.891
750.982
361.529
760.254
319.891
750.982
686.581
888.283
760.007
896.941
686.581
888.283
361.529
760.254
344.192
736.108
361.529
760.254
760.007
896.941
745.967
924.683
760.007
896.941
361.529
760.254
363.603
721.621
361.529
760.254
745.967
924.683
760.096
919.93
745.967
924.683
361.529
760.254
383.97
720.154
361.529
760.254
760.096
919.93
745.25
928.443
760.096
919.93
361.529
760.254
397.277
751.996
361.529
760.254
397.277
751.996
361.066
770.868
397.277
751.996
745.25
928.443
766.608
944.103
745.25
928.443
397.277
751.996
430.704
794.573
397.277
751.996
745.25
928.443
758.019
954.978
745.25
928.443
397.277
751.996
452.358
754.21
397.277
751.996
758.019
954.978
741.419
954.608
758.019
954.978
452.358
754.21
437.07
695.779
452.358
754.21
452.358
754.21
467.211
728.116
452.358
754.21
741.419
954.608
750.21
960.052
741.419
954.608
750.21
960.052
722.459
971.931
750.21
960.052
750.21
960.052
704.502
995.243
750.21
960.052
704.502
995.243
792.041
964.629
704.502
995.243
704.502
995.243
898.316
985.201
704.502
995.243
363.603
721.621
383.97
720.154
363.603
721.621
704.502
995.243
973.214
981.96
704.502
995.243
383.97
720.154
365.044
718.443
383.97
720.154
365.044
718.443
393.286
704.731
365.044
718.443
365.044
718.443
386.754
687.827
365.044
718.443
386.754
687.827
349.822
702.758
386.754
687.827
349.822
702.758
373.588
652.216
349.822
702.758
373.588
652.216
314.793
651.462
373.588
652.216
731.597
747.878
708.215
761.565
731.597
747.878
373.588
652.216
363.601
628.242
373.588
652.216
363.601
628.242
390.728
632.754
363.601
628.242
708.215
761.565
716.009
718.378
708.215
761.565
390.728
632.754
366.264
592.727
390.728
632.754
366.264
592.727
392.851
570.075
366.264
592.727
392.851
570.075
343.098
523.625
392.851
570.075
716.009
718.378
665.29
753.534
716.009
718.378
314.793
651.462
363.601
628.242
314.793
651.462
665.29
753.534
662.041
721.174
665.29
753.534
314.793
651.462
314.571
626.703
314.793
651.462
314.571
626.703
289.917
647.653
314.571
626.703
289.917
647.653
312.04
618.864
289.917
647.653
665.29
753.534
658.731
721.906
665.29
753.534
312.04
618.864
264.911
623.703
312.04
618.864
312.04
618.864
281.628
589.604
312.04
618.864
281.628
589.604
321.76
592.399
281.628
589.604
281.628
589.604
323.517
537.99
281.628
589.604
658.731
721.906
616.152
750.899
658.731
721.906
323.517
537.99
268.441
554.083
323.517
537.99
281.628
589.604
268.441
554.083
281.628
589.604
268.441
554.083
261.094
578.826
268.441
554.083
268.441
554.083
248.551
539.244
268.441
554.083
616.152
750.899
636.56
714.039
616.152
750.899
281.628
589.604
261.094
578.826
281.628
589.604
321.76
592.399
323.517
537.99
321.76
592.399
323.517
537.99
343.149
593.247
323.517
537.99
343.149
593.247
343.098
523.625
343.149
593.247
616.152
750.899
596.211
737.457
616.152
750.899
321.76
592.399
343.149
593.247
321.76
592.399
343.149
593.247
312.04
618.864
343.149
593.247
343.149
593.247
314.571
626.703
343.149
593.247
343.149
593.247
363.601
628.242
343.149
593.247
596.211
737.457
575.424
762.016
596.211
737.457
575.424
762.016
580.043
740.002
575.424
762.016
314.793
651.462
289.917
647.653
314.793
651.462
314.793
651.462
283.753
667.39
314.793
651.462
575.424
762.016
561.583
739.918
575.424
762.016
314.793
651.462
302.072
683.295
314.793
651.462
302.072
683.295
313.809
698.378
302.072
683.295
313.809
698.378
301.616
702.896
313.809
698.378
561.583
739.918
565.06
762.666
561.583
739.918
301.616
702.896
319.891
750.982
301.616
702.896
561.583
739.918
536.787
763.215
561.583
739.918
302.072
683.295
301.616
702.896
302.072
683.295
301.616
702.896
287.047
699.743
301.616
702.896
287.047
699.743
270.441
715.708
287.047
699.743
287.047
699.743
251.395
675.756
287.047
699.743
251.395
675.756
283.753
667.39
251.395
675.756
283.753
667.39
249.143
667.918
283.753
667.39
287.047
699.743
283.753
667.39
287.047
699.743
301.616
702.896
270.441
715.708
301.616
702.896
270.441
715.708
287.55
753.346
270.441
715.708
287.55
753.346
267.968
749.058
287.55
753.346
270.441
715.708
267.968
749.058
270.441
715.708
267.968
749.058
251.763
738.867
267.968
749.058
313.809
698.378
319.891
750.982
313.809
698.378
313.809
698.378
344.192
736.108
313.809
698.378
313.809
698.378
349.822
702.758
313.809
698.378
636.56
714.039
596.211
737.457
636.56
714.039
344.192
736.108
349.822
702.758
344.192
736.108
349.822
702.758
363.603
721.621
349.822
702.758
636.56
714.039
593.946
725.837
636.56
714.039
636.56
714.039
612.381
682.94
636.56
714.039
390.728
632.754
392.851
570.075
390.728
632.754
612.381
682.94
653.869
674.761
612.381
682.94
390.728
632.754
426.738
617.314
390.728
632.754
612.381
682.94
644.862
662.21
612.381
682.94
426.738
617.314
419.456
648.952
426.738
617.314
426.738
617.314
448.982
636.377
426.738
617.314
644.862
662.21
604.607
677.01
644.862
662.21
448.982
636.377
462.606
611.759
448.982
636.377
448.982
636.377
475.46
615.748
448.982
636.377
604.607
677.01
635.368
643.282
604.607
677.01
475.46
615.748
496.825
646.408
475.46
615.748
604.607
677.01
631.283
640.227
604.607
677.01
426.738
617.314
462.606
611.759
426.738
617.314
604.607
677.01
623.861
632.277
604.607
677.01
623.861
632.277
569.266
638.822
623.861
632.277
426.738
617.314
458.649
594.502
426.738
617.314
623.861
632.277
573.412
589.925
623.861
632.277
623.861
632.277
582.422
578.954
623.861
632.277
582.422
578.954
642.897
569.309
582.422
578.954
426.738
617.314
446.172
577.335
426.738
617.314
446.172
577.335
392.851
570.075
446.172
577.335
446.172
577.335
432.202
535.282
446.172
577.335
432.202
535.282
464.404
557.384
432.202
535.282
432.202
535.282
463.465
508.608
432.202
535.282
392.851
570.075
432.202
535.282
392.851
570.075
446.172
577.335
464.404
557.384
446.172
577.335
464.404
557.384
481.459
579.612
464.404
557.384
493.382
515.304
463.465
508.608
493.382
515.304
446.172
577.335
481.459
579.612
446.172
577.335
481.459
579.612
458.649
594.502
481.459
579.612
458.649
594.502
483.843
595.627
458.649
594.502
483.843
595.627
462.606
611.759
483.843
595.627
481.459
579.612
487.241
577.521
481.459
579.612
419.456
648.952
448.982
636.377
419.456
648.952
642.897
569.309
622.855
538.829
642.897
569.309
448.982
636.377
428.606
681.196
448.982
636.377
428.606
681.196
487.86
670.337
428.606
681.196
622.855
538.829
648.006
523.491
622.855
538.829
428.606
681.196
486.595
677.272
428.606
681.196
648.006
523.491
616.337
524.783
648.006
523.491
428.606
681.196
437.07
695.779
428.606
681.196
437.07
695.779
393.286
704.731
437.07
695.779
428.606
681.196
393.286
704.731
428.606
681.196
569.266
638.822
573.412
589.925
569.266
638.822
428.606
681.196
386.754
687.827
428.606
681.196
569.266
638.822
537.3
598.351
569.266
638.822
386.754
687.827
416.262
665.311
386.754
687.827
416.262
665.311
373.588
652.216
416.262
665.311
373.588
652.216
415.399
656.14
373.588
652.216
573.412
589.925
537.3
598.351
573.412
589.925
573.412
589.925
549.879
578.409
573.412
589.925
573.412
589.925
556.894
561.183
573.412
589.925
415.399
656.14
390.728
632.754
415.399
656.14
556.894
561.183
582.422
578.954
556.894
561.183
416.262
665.311
415.399
656.14
416.262
665.311
556.894
561.183
576.826
540.397
556.894
561.183
416.262
665.311
419.456
648.952
416.262
665.311
576.826
540.397
529.056
540.961
576.826
540.397
383.97
720.154
393.286
704.731
383.97
720.154
556.894
561.183
529.056
540.961
556.894
561.183
556.894
561.183
542.998
567.682
556.894
561.183
542.998
567.682
549.879
578.409
542.998
567.682
582.422
578.954
576.826
540.397
582.422
578.954
576.826
540.397
622.855
538.829
576.826
540.397
486.595
677.272
437.07
695.779
486.595
677.272
576.826
540.397
616.337
524.783
576.826
540.397
448.982
636.377
487.86
670.337
448.982
636.377
437.07
695.779
467.211
728.116
437.07
695.779
561.583
739.918
503.016
729.328
561.583
739.918
561.583
739.918
505.476
702.656
561.583
739.918
561.583
739.918
558.132
646.847
561.583
739.918
558.132
646.847
593.946
725.837
558.132
646.847
593.946
725.837
604.607
677.01
593.946
725.837
558.132
646.847
604.607
677.01
558.132
646.847
561.583
739.918
593.946
725.837
561.583
739.918
593.946
725.837
580.043
740.002
593.946
725.837
361.066
770.868
430.704
794.573
361.066
770.868
361.066
770.868
405.814
826.24
361.066
770.868
361.066
770.868
386.194
833.979
361.066
770.868
361.066
770.868
382.441
836.259
361.066
770.868
623.861
632.277
642.897
569.309
623.861
632.277
382.441
836.259
307.615
793.738
382.441
836.259
642.897
569.309
668.113
627.861
642.897
569.309
668.113
627.861
681.684
588.808
668.113
627.861
382.441
836.259
311.803
850.252
382.441
836.259
382.441
836.259
369.165
878.211
382.441
836.259
369.165
878.211
396.656
853.693
369.165
878.211
668.113
627.861
698.755
616.492
668.113
627.861
698.755
616.492
692.912
640.872
698.755
616.492
369.165
878.211
423.681
890.641
369.165
878.211
692.912
640.872
715.246
615.547
692.912
640.872
369.165
878.211
376.572
931.361
369.165
878.211
715.246
615.547
714.794
650.835
715.246
615.547
376.572
931.361
357.252
886.842
376.572
931.361
376.572
931.361
346.626
891.767
376.572
931.361
376.572
931.361
310.991
940.77
376.572
931.361
681.684
588.808
698.755
616.492
681.684
588.808
681.684
588.808
715.246
615.547
681.684
588.808
310.991
940.77
379.644
943.23
310.991
940.77
681.684
588.808
722.001
556.857
681.684
588.808
379.644
943.23
364.349
975.001
379.644
943.23
722.001
556.857
672.878
563.641
722.001
556.857
672.878
563.641
692.302
539.219
672.878
563.641
692.302
539.219
670.599
538.82
692.302
539.219
670.599
538.82
700.62
523.853
670.599
538.82
700.62
523.853
684.081
499.846
700.62
523.853
672.878
563.641
670.599
538.82
672.878
563.641
670.599
538.82
642.897
569.309
670.599
538.82
670.599
538.82
648.006
523.491
670.599
538.82
648.006
523.491
684.081
499.846
648.006
523.491
672.878
563.641
642.897
569.309
672.878
563.641
700.62
523.853
724.847
511.087
700.62
523.853
724.847
511.087
700.382
530.762
724.847
511.087
700.382
530.762
741.611
529.392
700.382
530.762
700.382
530.762
722.001
556.857
700.382
530.762
700.382
530.762
692.302
539.219
700.382
530.762
741.611
529.392
722.001
556.857
741.611
529.392
668.113
627.861
692.912
640.872
668.113
627.861
364.349
975.001
381.8
946.885
364.349
975.001
668.113
627.861
689.51
663.135
668.113
627.861
689.51
663.135
644.862
662.21
689.51
663.135
364.349
975.001
377.417
998.742
364.349
975.001
689.51
663.135
668.025
677.215
689.51
663.135
668.025
677.215
694.222
695.383
668.025
677.215
694.222
695.383
662.041
721.174
694.222
695.383
311.803
850.252
369.165
878.211
311.803
850.252
644.862
662.21
668.025
677.215
644.862
662.21
311.803
850.252
357.252
886.842
311.803
850.252
668.025
677.215
653.869
674.761
668.025
677.215
653.869
674.761
662.041
721.174
653.869
674.761
311.803
850.252
346.626
891.767
311.803
850.252
653.869
674.761
658.731
721.906
653.869
674.761
311.803
850.252
295.876
906.817
311.803
850.252
668.113
627.861
644.862
662.21
668.113
627.861
311.803
850.252
271.26
869.408
311.803
850.252
668.113
627.861
635.368
643.282
668.113
627.861
668.113
627.861
631.283
640.227
668.113
627.861
307.615
793.738
311.803
850.252
307.615
793.738
689.51
663.135
694.222
695.383
689.51
663.135
311.803
850.252
290.542
795.174
311.803
850.252
694.222
695.383
694.855
658.065
694.222
695.383
290.542
795.174
271.111
842.786
290.542
795.174
694.222
695.383
714.794
650.835
694.222
695.383
290.542
795.174
264.225
801.261
290.542
795.174
694.855
658.065
714.794
650.835
694.855
658.065
290.542
795.174
279.254
776.316
290.542
795.174
279.254
776.316
307.615
793.738
279.254
776.316
346.626
891.767
295.876
906.817
346.626
891.767
364.349
975.001
310.498
974.641
364.349
975.001
694.855
658.065
692.912
640.872
694.855
658.065
295.876
906.817
310.991
940.77
295.876
906.817
295.876
906.817
296.046
939.98
295.876
906.817
295.876
906.817
284.462
944.29
295.876
906.817
295.876
906.817
256.011
910.558
295.876
906.817
694.222
695.383
727.416
712.477
694.222
695.383
727.416
712.477
716.009
718.378
727.416
712.477
716.009
718.378
729.616
726.564
716.009
718.378
296.046
939.98
284.462
944.29
296.046
939.98
284.462
944.29
310.498
974.641
284.462
944.29
729.616
726.564
731.597
747.878
729.616
726.564
296.046
939.98
310.498
974.641
296.046
939.98
396.656
853.693
423.681
890.641
396.656
853.693
423.681
890.641
437.509
866.382
423.681
890.641
437.509
866.382
432.678
896.527
437.509
866.382
396.656
853.693
437.509
866.382
396.656
853.693
437.509
866.382
412.766
840.076
437.509
866.382
412.766
840.076
430.655
831.096
412.766
840.076
430.655
831.096
405.814
826.24
430.655
831.096
412.766
840.076
405.814
826.24
412.766
840.076
665.29
753.534
616.152
750.899
665.29
753.534
412.766
840.076
386.194
833.979
412.766
840.076
386.194
833.979
396.656
853.693
386.194
833.979
430.655
831.096
430.704
794.573
430.655
831.096
616.152
750.899
628.772
809.663
616.152
750.899
430.655
831.096
447.998
846.055
430.655
831.096
628.772
809.663
575.424
762.016
628.772
809.663
432.678
896.527
483.688
911.09
432.678
896.527
432.678
896.527
474.709
920.058
432.678
896.527
432.678
896.527
449.623
924.808
432.678
896.527
449.623
924.808
423.771
918.228
449.623
924.808
423.771
918.228
441.071
936.608
423.771
918.228
441.071
936.608
381.8
946.885
441.071
936.608
381.8
946.885
438.154
978.534
381.8
946.885
438.154
978.534
377.417
998.742
438.154
978.534
628.772
809.663
610.234
828.817
628.772
809.663
377.417
998.742
438.273
981.508
377.417
998.742
423.771
918.228
381.8
946.885
423.771
918.228
423.771
918.228
379.644
943.23
423.771
918.228
610.234
828.817
629.627
851.082
610.234
828.817
423.771
918.228
376.572
931.361
423.771
918.228
423.771
918.228
423.681
890.641
423.771
918.228
629.627
851.082
623.621
852.09
629.627
851.082
441.071
936.608
438.154
978.534
441.071
936.608
438.154
978.534
455.528
947.802
438.154
978.534
455.528
947.802
472.541
972.604
455.528
947.802
455.528
947.802
474.455
972.862
455.528
947.802
623.621
852.09
635.274
860.729
623.621
852.09
455.528
947.802
493.908
927.807
455.528
947.802
455.528
947.802
474.709
920.058
455.528
947.802
635.274
860.729
623.837
899.056
635.274
860.729
455.528
947.802
449.623
924.808
455.528
947.802
483.688
911.09
474.709
920.058
483.688
911.09
623.837
899.056
634.601
893.05
623.837
899.056
438.154
978.534
472.541
972.604
438.154
978.534
472.541
972.604
438.273
981.508
472.541
972.604
472.541
972.604
491.711
995.514
472.541
972.604
623.837
899.056
653.726
936.631
623.837
899.056
653.726
936.631
616.696
935.29
653.726
936.631
616.696
935.29
657.184
958.738
616.696
935.29
657.184
958.738
611.89
941.574
657.184
958.738
611.89
941.574
628.689
979.431
611.89
941.574
628.689
979.431
609.19
989.336
628.689
979.431
609.19
989.336
634.916
999.23
609.19
989.336
623.621
852.09
623.837
899.056
623.621
852.09
623.621
852.09
604.147
902.166
623.621
852.09
604.147
902.166
593.53
851.686
604.147
902.166
593.53
851.686
580.268
875.105
593.53
851.686
580.268
875.105
579.064
837.314
580.268
875.105
580.268
875.105
538.166
869.663
580.268
875.105
538.166
869.663
571.49
886.119
538.166
869.663
579.064
837.314
538.166
869.663
579.064
837.314
579.064
837.314
541.492
833.064
579.064
837.314
579.064
837.314
556.629
798.16
579.064
837.314
556.629
798.16
610.234
828.817
556.629
798.16
556.629
798.16
575.424
762.016
556.629
798.16
556.629
798.16
565.06
762.666
556.629
798.16
541.492
833.064
556.629
798.16
541.492
833.064
541.492
833.064
531.999
806.969
541.492
833.064
541.492
833.064
527.192
807.457
541.492
833.064
541.492
833.064
519.924
809.601
541.492
833.064
556.629
798.16
531.999
806.969
556.629
798.16
531.999
806.969
536.787
763.215
531.999
806.969
531.999
806.969
514.445
785.151
531.999
806.969
514.445
785.151
527.192
807.457
514.445
785.151
527.192
807.457
514.202
799.11
527.192
807.457
541.492
833.064
503.893
861.359
541.492
833.064
579.064
837.314
610.234
828.817
579.064
837.314
610.234
828.817
599.206
837.053
610.234
828.817
599.206
837.053
623.621
852.09
599.206
837.053
599.206
837.053
593.53
851.686
599.206
837.053
571.49
886.119
555.234
917.627
571.49
886.119
555.234
917.627
578.784
931.15
555.234
917.627
555.234
917.627
578.295
948.345
555.234
917.627
578.295
948.345
553.234
976.788
578.295
948.345
553.234
976.788
584.797
951.168
553.234
976.788
584.797
951.168
554.857
988.764
584.797
951.168
555.234
917.627
553.234
976.788
555.234
917.627
553.234
976.788
510.707
946.136
553.234
976.788
510.707
946.136
515.688
964.29
510.707
946.136
553.234
976.788
515.688
964.29
553.234
976.788
553.234
976.788
529.569
981.533
553.234
976.788
578.784
931.15
578.295
948.345
578.784
931.15
578.295
948.345
586.34
929.762
578.295
948.345
586.34
929.762
584.797
951.168
586.34
929.762
586.34
929.762
611.89
941.574
586.34
929.762
586.34
929.762
616.696
935.29
586.34
929.762
616.696
935.29
604.147
902.166
616.696
935.29
616.696
935.29
615.087
904.317
616.696
935.29
586.34
929.762
604.147
902.166
586.34
929.762
604.147
902.166
571.49
886.119
604.147
902.166
586.34
929.762
571.49
886.119
586.34
929.762
615.087
904.317
623.837
899.056
615.087
904.317
584.797
951.168
611.89
941.574
584.797
951.168
635.274
860.729
634.601
893.05
635.274
860.729
635.274
860.729
674.029
902.215
635.274
860.729
635.274
860.729
686.581
888.283
635.274
860.729
686.581
888.283
674.996
836.345
686.581
888.283
635.274
860.729
674.996
836.345
635.274
860.729
674.996
836.345
654.466
822.607
674.996
836.345
674.996
836.345
658.856
816.73
674.996
836.345
658.856
816.73
684.945
792.925
658.856
816.73
684.945
792.925
665.29
753.534
684.945
792.925
665.29
753.534
692.249
787.571
665.29
753.534
658.856
816.73
665.29
753.534
658.856
816.73
658.856
816.73
628.772
809.663
658.856
816.73
628.772
809.663
654.466
822.607
628.772
809.663
654.466
822.607
629.627
851.082
654.466
822.607
674.996
836.345
684.945
792.925
674.996
836.345
684.945
792.925
696.037
833.98
684.945
792.925
704.502
995.243
634.916
999.23
704.502
995.243
634.916
999.23
698.308
979.436
634.916
999.23
698.308
979.436
657.184
958.738
698.308
979.436
657.184
958.738
700.761
971.881
657.184
958.738
657.184
958.738
707.712
955.338
657.184
958.738
707.712
955.338
680.249
926.404
707.712
955.338
680.249
926.404
688.283
919.671
680.249
926.404
688.283
919.671
674.029
902.215
688.283
919.671
688.283
919.671
686.581
888.283
688.283
919.671
657.184
958.738
680.249
926.404
657.184
958.738
680.249
926.404
653.726
936.631
680.249
926.404
653.726
936.631
665.385
908.56
653.726
936.631
665.385
908.56
634.601
893.05
665.385
908.56
665.385
908.56
674.029
902.215
665.385
908.56
634.916
999.23
657.184
958.738
634.916
999.23
700.761
971.881
707.712
955.338
700.761
971.881
707.712
955.338
710.723
968.362
707.712
955.338
707.712
955.338
713.491
968.454
707.712
955.338
707.712
955.338
722.459
971.931
707.712
955.338
707.712
955.338
741.419
954.608
707.712
955.338
707.712
955.338
745.25
928.443
707.712
955.338
745.25
928.443
688.283
919.671
745.25
928.443
700.761
971.881
710.723
968.362
700.761
971.881
710.723
968.362
698.308
979.436
710.723
968.362
698.308
979.436
713.491
968.454
698.308
979.436
713.491
968.454
704.502
995.243
713.491
968.454
773.866
740.877
785.617
774.175
773.866
740.877
785.617
774.175
795.468
742.529
785.617
774.175
785.617
774.175
804.31
741.224
785.617
774.175
804.31
741.224
822.95
750.795
804.31
741.224
822.95
750.795
826.901
722.843
822.95
750.795
826.901
722.843
864.948
769.221
826.901
722.843
864.948
769.221
894.783
703.803
864.948
769.221
864.948
769.221
910.865
737.437
864.948
769.221
910.865
737.437
877.76
770.868
910.865
737.437
910.865
737.437
896.546
769.29
910.865
737.437
910.865
737.437
912.356
762.715
910.865
737.437
912.356
762.715
935.64
735.491
912.356
762.715
935.64
735.491
947.885
793.472
935.64
735.491
947.885
793.472
948.895
723.073
947.885
793.472
947.885
793.472
961.178
717.582
947.885
793.472
947.885
793.472
981.051
700.658
947.885
793.472
981.051
700.658
962.258
819.287
981.051
700.658
981.051
700.658
996.033
855.018
981.051
700.658
826.901
722.843
894.783
703.803
826.901
722.843
894.783
703.803
835.744
680.362
894.783
703.803
835.744
680.362
890.411
671.134
835.744
680.362
835.744
680.362
883.203
661.876
835.744
680.362
883.203
661.876
871.92
649.883
883.203
661.876
871.92
649.883
893.514
630.843
871.92
649.883
893.514
630.843
827.626
637.81
893.514
630.843
827.626
637.81
902.915
602.223
827.626
637.81
902.915
602.223
844.572
554.389
902.915
602.223
827.626
637.81
844.572
554.389
827.626
637.81
827.626
637.81
793.546
585.931
827.626
637.81
827.626
637.81
789.797
605.78
827.626
637.81
789.797
605.78
809.588
640.363
789.797
605.78
789.797
605.78
775.233
624.978
789.797
605.78
775.233
624.978
765.557
601.622
775.233
624.978
844.572
554.389
793.546
585.931
844.572
554.389
793.546
585.931
808.563
559.175
793.546
585.931
808.563
559.175
794.867
577.068
808.563
559.175
808.563
559.175
785.329
522.024
808.563
559.175
785.329
522.024
818.679
546.288
785.329
522.024
785.329
522.024
793.168
505.207
785.329
522.024
789.797
605.78
765.557
601.622
789.797
605.78
765.557
601.622
793.546
585.931
765.557
601.622
793.546
585.931
758.032
588.391
793.546
585.931
765.557
601.622
758.032
588.391
765.557
601.622
808.563
559.175
818.679
546.288
808.563
559.175
827.626
637.81
809.588
640.363
827.626
637.81
809.588
640.363
835.458
663.421
809.588
640.363
835.458
663.421
791.671
661.739
835.458
663.421
791.671
661.739
835.744
680.362
791.671
661.739
835.744
680.362
784.176
704.47
835.744
680.362
784.176
704.47
814.801
718.613
784.176
704.47
814.801
718.613
795.468
742.529
814.801
718.613
814.801
718.613
804.31
741.224
814.801
718.613
791.671
661.739
784.176
704.47
791.671
661.739
791.671
661.739
758.594
685.638
791.671
661.739
791.671
661.739
759.788
670.171
791.671
661.739
791.671
661.739
756.015
632.206
791.671
661.739
791.671
661.739
775.233
624.978
791.671
661.739
784.176
704.47
758.594
685.638
784.176
704.47
784.176
704.47
769.226
709.265
784.176
704.47
784.176
704.47
769.846
715.274
784.176
704.47
769.846
715.274
795.468
742.529
769.846
715.274
835.458
663.421
835.744
680.362
835.458
663.421
835.458
663.421
871.92
649.883
835.458
663.421
814.801
718.613
826.901
722.843
814.801
718.613
893.514
630.843
902.915
602.223
893.514
630.843
893.514
630.843
927.571
609.822
893.514
630.843
927.571
609.822
925.818
658.739
927.571
609.822
925.818
658.739
943.723
624.617
925.818
658.739
943.723
624.617
955.034
641.052
943.723
624.617
943.723
624.617
972.411
628.63
943.723
624.617
972.411
628.63
970.499
608.08
972.411
628.63
972.411
628.63
979.605
618.284
972.411
628.63
979.605
618.284
994.589
633.821
979.605
618.284
943.723
624.617
970.499
608.08
943.723
624.617
970.499
608.08
927.571
609.822
970.499
608.08
970.499
608.08
928.772
590.203
970.499
608.08
928.772
590.203
979.033
569.881
928.772
590.203
979.033
569.881
907.864
554.884
979.033
569.881
907.864
554.884
967.619
515.632
907.864
554.884
928.772
590.203
907.864
554.884
928.772
590.203
907.864
554.884
913.371
591.78
907.864
554.884
928.772
590.203
913.371
591.78
928.772
590.203
913.371
591.78
927.571
609.822
913.371
591.78
979.605
618.284
990.651
588.2
979.605
618.284
990.651
588.2
970.499
608.08
990.651
588.2
925.818
658.739
955.034
641.052
925.818
658.739
925.818
658.739
966.083
690.375
925.818
658.739
966.083
690.375
929.718
695.861
966.083
690.375
929.718
695.861
961.178
717.582
929.718
695.861
929.718
695.861
948.895
723.073
929.718
695.861
948.895
723.073
916.013
716.509
948.895
723.073
925.818
658.739
929.718
695.861
925.818
658.739
925.818
658.739
913.266
693.449
925.818
658.739
913.266
693.449
890.411
671.134
913.266
693.449
925.818
658.739
890.411
671.134
925.818
658.739
925.818
658.739
883.203
661.876
925.818
658.739
929.718
695.861
913.266
693.449
929.718
695.861
913.266
693.449
916.013
716.509
913.266
693.449
916.013
716.509
906.557
706.736
916.013
716.509
916.013
716.509
910.865
737.437
916.013
716.509
906.557
706.736
910.865
737.437
906.557
706.736
906.557
706.736
894.783
703.803
906.557
706.736
955.034
641.052
966.083
690.375
955.034
641.052
966.083
690.375
977.733
675.68
966.083
690.375
977.733
675.68
976.68
694.384
977.733
675.68
977.733
675.68
981.051
700.658
977.733
675.68
981.051
700.658
986.448
651.775
981.051
700.658
955.034
641.052
977.733
675.68
955.034
641.052
955.034
641.052
986.448
651.775
955.034
641.052
986.448
651.775
972.411
628.63
986.448
651.775
966.083
690.375
961.178
717.582
966.083
690.375
961.178
717.582
976.68
694.384
961.178
717.582
864.948
769.221
877.76
770.868
864.948
769.221
877.76
770.868
860.172
783.069
877.76
770.868
860.172
783.069
887.198
801.156
860.172
783.069
887.198
801.156
858.015
809.157
887.198
801.156
858.015
809.157
897.682
828.561
858.015
809.157
897.682
828.561
869.079
861.077
897.682
828.561
869.079
861.077
922.311
876
869.079
861.077
869.079
861.077
909.363
902.112
869.079
861.077
909.363
902.112
856.299
896.346
909.363
902.112
856.299
896.346
878.996
923.155
856.299
896.346
878.996
923.155
865.632
938.107
878.996
923.155
865.632
938.107
883.203
925.638
865.632
938.107
865.632
938.107
905.066
958.428
865.632
938.107
865.632
938.107
885.756
974.22
865.632
938.107
885.756
974.22
841.843
938.524
885.756
974.22
885.756
974.22
815.747
951.756
885.756
974.22
885.756
974.22
792.041
964.629
885.756
974.22
858.015
809.157
869.079
861.077
858.015
809.157
869.079
861.077
849.636
854.751
869.079
861.077
849.636
854.751
856.299
896.346
849.636
854.751
849.636
854.751
832.806
885.109
849.636
854.751
849.636
854.751
832.432
858.769
849.636
854.751
832.432
858.769
821.954
855.154
832.432
858.769
821.954
855.154
832.806
885.109
821.954
855.154
821.954
855.154
831.366
889.911
821.954
855.154
821.954
855.154
768.522
873.947
821.954
855.154
821.954
855.154
774.559
859.279
821.954
855.154
774.559
859.279
808.952
832.612
774.559
859.279
774.559
859.279
811.307
814.991
774.559
859.279
849.636
854.751
821.954
855.154
849.636
854.751
849.636
854.751
808.952
832.612
849.636
854.751
808.952
832.612
858.015
809.157
808.952
832.612
858.015
809.157
811.307
814.991
858.015
809.157
811.307
814.991
836.698
797.67
811.307
814.991
836.698
797.67
814.788
787.141
836.698
797.67
814.788
787.141
829.771
775.372
814.788
787.141
829.771
775.372
822.95
750.795
829.771
775.372
811.307
814.991
814.788
787.141
811.307
814.991
814.788
787.141
785.617
774.175
814.788
787.141
829.771
775.372
864.948
769.221
829.771
775.372
829.771
775.372
860.172
783.069
829.771
775.372
860.172
783.069
836.698
797.67
860.172
783.069
831.366
889.911
768.522
873.947
831.366
889.911
831.366
889.911
779.87
910.318
831.366
889.911
779.87
910.318
829.151
900.636
779.87
910.318
779.87
910.318
815.249
949.937
779.87
910.318
815.249
949.937
766.608
944.103
815.249
949.937
815.249
949.937
792.041
964.629
815.249
949.937
779.87
910.318
766.608
944.103
779.87
910.318
779.87
910.318
760.096
919.93
779.87
910.318
760.096
919.93
763.829
901.766
760.096
919.93
779.87
910.318
763.829
901.766
779.87
910.318
763.829
901.766
768.522
873.947
763.829
901.766
768.522
873.947
760.007
896.941
768.522
873.947
768.522
873.947
764.128
874.775
768.522
873.947
768.522
873.947
756.201
867.22
768.522
873.947
760.007
896.941
764.128
874.775
760.007
896.941
766.608
944.103
792.041
964.629
766.608
944.103
792.041
964.629
758.019
954.978
792.041
964.629
829.151
900.636
815.249
949.937
829.151
900.636
829.151
900.636
841.843
938.524
829.151
900.636
841.843
938.524
856.299
896.346
841.843
938.524
829.151
900.636
856.299
896.346
829.151
900.636
856.299
896.346
831.366
889.911
856.299
896.346
815.249
949.937
841.843
938.524
815.249
949.937
897.682
828.561
922.311
876
897.682
828.561
922.311
876
945.702
852.764
922.311
876
945.702
852.764
946.902
888.78
945.702
852.764
945.702
852.764
978.758
891.384
945.702
852.764
978.758
891.384
971.165
844.18
978.758
891.384
978.758
891.384
996.033
855.018
978.758
891.384
897.682
828.561
945.702
852.764
897.682
828.561
897.682
828.561
962.258
819.287
897.682
828.561
897.682
828.561
947.885
793.472
897.682
828.561
947.885
793.472
892.351
798.818
947.885
793.472
947.885
793.472
899.082
784.753
947.885
793.472
892.351
798.818
899.082
784.753
892.351
798.818
899.082
784.753
887.198
801.156
899.082
784.753
899.082
784.753
877.76
770.868
899.082
784.753
899.082
784.753
896.546
769.29
899.082
784.753
897.682
828.561
892.351
798.818
897.682
828.561
945.702
852.764
962.258
819.287
945.702
852.764
962.258
819.287
971.165
844.18
962.258
819.287
922.311
876
946.902
888.78
922.311
876
946.902
888.78
909.363
902.112
946.902
888.78
909.363
902.112
961.02
907.706
909.363
902.112
909.363
902.112
958.159
945.9
909.363
902.112
958.159
945.9
915.978
953.518
958.159
945.9
958.159
945.9
930.142
977.905
958.159
945.9
930.142
977.905
973.214
981.96
930.142
977.905
909.363
902.112
915.978
953.518
909.363
902.112
915.978
953.518
883.203
925.638
915.978
953.518
909.363
902.112
883.203
925.638
909.363
902.112
915.978
953.518
905.066
958.428
915.978
953.518
905.066
958.428
930.142
977.905
905.066
958.428
905.066
958.428
898.316
985.201
905.066
958.428
961.02
907.706
958.159
945.9
961.02
907.706
958.159
945.9
973.31
922.154
958.159
945.9
973.31
922.154
960.547
945.769
973.31
922.154
973.31
922.154
984.474
969.451
973.31
922.154
961.02
907.706
973.31
922.154
961.02
907.706
961.02
907.706
978.758
891.384
961.02
907.706
960.547
945.769
984.474
969.451
960.547
945.769
960.547
945.769
973.214
981.96
960.547
945.769
